map_id	cell_id	row	col	plant_id	land_img_id	land_y_offset	plant_x_offset	plant_y_offset	water_img_id	sea_area	
玩法地图id	格子ID	行	列	植物ID	地表贴图ID	地表Y偏移	树x坐标	树y坐标	水倒影id 	海域背景	
integer	integer	integer	integer	integer	integer	integer	integer	integer	integer	integer	
key	key	""	""	""	""	""	""	""	""	""	
2	2	7	6	102	2	31	0	72	0	0	
2	3	7	6	0	5	29	0	76	0	0	
2	4	7	6	0	4	29	0	76	0	0	
2	6	7	6	0	3	29	0	76	0	0	
2	7	7	6	0	3	28	0	76	0	0	
2	8	7	6	0	3	28	0	76	0	0	
2	9	7	6	0	1	32	0	76	0	0	
2	10	7	6	0	3	31	0	76	0	0	
2	11	7	6	0	4	29	0	76	0	0	
2	12	7	6	0	2	29	0	76	0	0	
2	13	7	6	0	3	28	0	76	0	0	
2	14	7	6	0	4	28	0	76	0	0	
2	15	7	6	0	4	29	0	76	0	0	
2	16	7	6	0	5	30	0	76	0	0	
2	17	7	6	0	2	28	0	76	0	0	
2	19	7	6	0	6	25	0	76	0	0	
2	20	7	6	0	1	24	0	76	0	0	
2	21	7	6	0	6	23	0	76	0	0	
2	22	7	6	104	1	24	7	71	0	0	
2	25	7	6	0	6	23	0	76	0	0	
2	26	7	6	0	3	15	0	76	0	0	
2	27	7	6	0	5	14	0	76	0	0	
2	28	7	6	0	22	13	0	76	0	0	
2	31	7	6	0	2	11	0	76	0	0	
2	32	7	6	0	2	9	0	76	0	0	
2	33	7	6	0	3	9	0	76	0	0	
2	34	7	6	0	23	11	0	76	0	0	
2	37	7	6	0	10	1	0	76	0	0	
2	38	7	6	0	3	9	0	76	0	0	
2	39	7	6	0	4	9	0	76	0	0	
3	2	11	6	102	6	41	0	76	0	0	
3	3	11	6	0	6	42	0	76	0	0	
3	4	11	6	0	5	42	0	76	0	0	
3	6	11	6	0	6	33	0	76	0	0	
3	7	11	6	0	6	35	0	76	0	0	
3	8	11	6	0	2	38	0	76	0	0	
3	9	11	6	0	3	39	0	76	0	0	
3	10	11	6	0	6	41	0	76	0	0	
3	11	11	6	0	3	46	0	76	0	0	
3	12	11	6	0	6	36	0	76	0	0	
3	13	11	6	0	1	34	0	76	0	0	
3	14	11	6	0	6	36	0	76	0	0	
3	15	11	6	0	3	37	0	76	0	0	
3	16	11	6	0	6	41	0	76	0	0	
3	17	11	6	0	5	40	0	76	0	0	
3	19	11	6	0	3	31	0	76	0	0	
3	20	11	6	0	4	31	0	76	0	0	
3	21	11	6	0	2	37	0	76	0	0	
3	22	11	6	101	3	40	0	72	0	0	
3	25	11	6	0	3	29	0	76	0	0	
3	26	11	6	0	3	32	0	76	0	0	
3	27	11	6	0	4	39	0	76	0	0	
3	28	11	6	0	22	37	0	76	0	0	
3	31	11	6	0	3	33	0	76	0	0	
3	32	11	6	0	3	36	0	76	0	0	
3	33	11	6	0	3	36	0	76	0	0	
3	34	11	6	0	23	33	0	76	0	0	
3	37	11	6	0	37	16	0	76	0	0	
3	38	11	6	0	3	35	0	76	0	0	
3	39	11	6	0	3	35	0	76	0	0	
3	43	11	6	0	2	26	0	76	0	0	
3	44	11	6	0	3	29	0	76	0	0	
3	45	11	6	0	3	27	0	76	0	0	
3	46	11	6	103	5	26	0	72	0	0	
3	49	11	6	103	1	26	5	66	0	0	
3	50	11	6	0	3	25	0	76	0	0	
3	51	11	6	0	2	22	0	76	0	0	
3	52	11	6	0	6	19	0	76	0	0	
3	53	11	6	0	6	18	0	76	0	0	
3	55	11	6	0	6	22	0	76	0	0	
3	56	11	6	0	17	23	0	76	0	0	
3	57	11	6	0	17	24	0	76	0	0	
3	58	11	6	0	6	15	0	76	0	0	
3	59	11	6	0	5	18	0	76	0	0	
3	61	11	6	0	9	-2	0	76	0	0	
3	62	11	6	0	15	13	0	76	0	0	
3	63	11	6	0	16	16	0	76	0	0	
4	4	11	8	102	2	9	0	76	0	0	
4	5	11	8	0	6	9	0	76	0	0	
4	6	11	8	0	3	9	0	76	0	0	
4	10	11	8	0	2	9	0	76	0	0	
4	11	11	8	0	6	9	0	76	0	0	
4	12	11	8	0	3	9	0	76	0	0	
4	13	11	8	0	3	9	0	76	0	0	
4	14	11	8	0	6	9	0	76	0	0	
4	15	11	8	0	2	9	0	76	0	0	
4	18	11	8	0	3	9	0	76	0	0	
4	19	11	8	0	6	9	0	76	0	0	
4	20	11	8	0	2	9	0	76	0	0	
4	21	11	8	0	3	9	0	76	0	0	
4	22	11	8	0	5	9	0	76	0	0	
4	23	11	8	0	2	9	0	76	0	0	
4	26	11	8	0	6	16	0	76	0	0	
4	27	11	8	0	4	9	0	76	0	0	
4	28	11	8	0	4	9	0	76	0	0	
4	29	11	8	0	6	9	0	76	0	0	
4	30	11	8	104	1	9	5	72	0	0	
4	34	11	8	0	6	21	0	76	0	0	
4	35	11	8	0	6	21	0	76	0	0	
4	36	11	8	103	6	9	-8	96	0	0	
4	37	11	8	0	3	9	0	76	0	0	
4	38	11	8	0	22	9	0	76	0	0	
4	42	11	8	0	1	18	0	76	0	0	
4	43	11	8	0	2	11	0	76	0	0	
4	44	11	8	0	3	9	0	76	0	0	
4	45	11	8	0	6	9	0	76	0	0	
4	46	11	8	0	23	9	0	76	0	0	
4	50	11	8	0	9	-1	0	76	0	0	
4	51	11	8	0	10	9	0	76	0	0	
4	52	11	8	0	6	9	0	76	0	0	
4	53	11	8	0	3	9	0	76	0	0	
4	56	11	8	0	9	-3	0	76	0	0	
4	57	11	8	0	9	-3	0	76	0	0	
4	58	11	8	0	9	-2	0	76	0	0	
4	59	11	8	0	9	-3	0	76	0	0	
4	60	11	8	0	6	9	0	76	0	0	
4	61	11	8	0	4	9	0	76	0	0	
4	62	11	8	104	5	9	11	70	0	0	
4	64	11	8	0	9	-3	0	76	0	0	
4	65	11	8	0	9	-2	0	76	0	0	
4	66	11	8	0	9	-2	0	76	0	0	
4	67	11	8	101	1	-1	9	73	0	0	
4	68	11	8	0	4	9	0	76	0	0	
4	69	11	8	0	6	9	0	76	0	0	
4	70	11	8	0	6	9	0	76	0	0	
4	71	11	8	0	4	9	0	76	0	0	
4	72	11	8	0	9	-3	0	76	0	0	
4	73	11	8	0	9	-3	0	76	0	0	
4	74	11	8	0	9	-3	0	76	0	0	
4	75	11	8	0	6	9	0	76	0	0	
4	76	11	8	0	17	9	0	76	0	0	
4	77	11	8	0	17	9	0	76	0	0	
4	78	11	8	0	5	9	0	76	0	0	
4	79	11	8	0	2	9	0	76	0	0	
4	83	11	8	0	15	5	-11	72	0	0	
4	84	11	8	0	17	9	0	76	0	0	
4	85	11	8	0	17	2	0	76	0	0	
5	4	11	15	102	2	32	7	58	0	0	
5	5	11	15	0	3	17	0	76	0	0	
5	6	11	15	137	6	26	2	47	0	0	
5	17	11	15	0	3	35	0	76	0	0	
5	18	11	15	0	1	30	0	76	0	0	
5	19	11	15	0	3	26	0	76	0	0	
5	20	11	15	0	5	22	0	76	0	0	
5	21	11	15	0	6	18	0	76	0	0	
5	22	11	15	0	2	19	0	76	0	0	
5	23	11	15	0	2	22	0	76	0	0	
5	24	11	15	0	4	5	0	76	0	0	
5	25	11	15	0	3	11	0	76	0	0	
5	26	11	15	0	1	3	0	76	0	0	
5	32	11	15	0	2	31	0	76	0	0	
5	33	11	15	0	3	26	0	76	0	0	
5	34	11	15	0	2	27	0	76	0	0	
5	35	11	15	0	3	12	0	76	0	0	
5	36	11	15	0	5	9	0	76	0	0	
5	37	11	15	0	2	14	0	76	0	0	
5	38	11	15	0	4	23	0	76	0	0	
5	39	11	15	0	6	9	0	76	0	0	
5	40	11	15	0	4	3	0	76	0	0	
5	41	11	15	0	4	0	0	76	0	0	
5	47	11	15	0	3	22	0	76	0	0	
5	48	11	15	0	2	9	0	76	0	0	
5	49	11	15	0	1	16	0	76	0	0	
5	50	11	15	0	2	16	0	76	0	0	
5	51	11	15	104	1	22	5	59	0	0	
5	54	11	15	140	1	9	5	55	0	0	
5	55	11	15	0	5	15	0	76	0	0	
5	56	11	15	0	6	10	0	76	0	0	
5	62	11	15	0	3	18	0	76	0	0	
5	63	11	15	138	3	20	0	72	0	0	
5	64	11	15	103	3	5	-6	88	0	0	
5	65	11	15	0	5	3	0	76	0	0	
5	66	11	15	0	22	2	0	76	0	0	
5	69	11	15	136	2	9	0	72	0	0	
5	70	11	15	139	2	9	7	54	0	0	
5	71	11	15	105	2	9	4	53	0	0	
5	77	11	15	0	41	17	0	76	0	0	
5	78	11	15	0	2	7	0	76	0	0	
5	79	11	15	0	1	12	0	76	0	0	
5	80	11	15	0	1	15	0	76	0	0	
5	81	11	15	0	23	1	0	76	0	0	
5	84	11	15	0	40	9	0	76	0	0	
5	85	11	15	137	2	9	2	50	0	0	
5	92	11	15	0	9	4	0	76	0	0	
5	93	11	15	114	37	-3	0	72	0	0	
5	94	11	15	0	3	9	0	76	0	0	
5	95	11	15	0	5	9	0	76	0	0	
5	99	11	15	136	6	9	0	72	0	0	
5	100	11	15	138	2	9	0	72	0	0	
5	105	11	15	113	9	-2	0	72	0	0	
5	106	11	15	0	9	-3	0	76	0	0	
5	107	11	15	0	9	-4	0	76	0	0	
5	108	11	15	0	9	-3	0	76	0	0	
5	109	11	15	136	3	9	0	72	0	0	
5	110	11	15	0	3	9	0	76	0	0	
5	111	11	15	104	5	9	6	64	0	0	
5	120	11	15	0	9	-1	0	76	0	0	
5	121	11	15	114	9	-1	0	72	0	0	
5	122	11	15	0	9	-1	0	76	0	0	
5	123	11	15	101	1	16	12	63	0	0	
5	124	11	15	0	3	9	0	76	0	0	
5	125	11	15	0	2	12	0	76	0	0	
5	126	11	15	0	3	3	0	76	0	0	
5	127	11	15	0	4	-3	0	76	0	0	
5	135	11	15	0	9	0	0	76	0	0	
5	136	11	15	0	9	-1	0	76	0	0	
5	137	11	15	0	9	-1	0	76	0	0	
5	138	11	15	0	3	9	0	76	0	0	
5	139	11	15	0	17	9	0	76	0	0	
5	140	11	15	0	17	4	0	76	0	0	
5	141	11	15	0	4	5	0	76	0	0	
5	142	11	15	0	2	0	0	76	0	0	
5	153	11	15	0	15	8	0	76	0	0	
5	154	11	15	0	17	6	0	76	0	0	
5	155	11	15	0	17	-4	0	76	0	0	
6	4	11	15	102	2	37	13	65	0	0	
6	5	11	15	0	3	23	0	76	0	0	
6	6	11	15	137	3	40	2	50	0	0	
6	10	11	15	0	2	38	0	76	0	0	
6	11	11	15	0	10	7	0	76	0	0	
6	12	11	15	114	9	4	0	72	0	0	
6	13	11	15	113	9	4	0	72	0	0	
6	17	11	15	0	3	27	0	76	0	0	
6	18	11	15	0	1	27	0	76	0	0	
6	19	11	15	0	3	27	0	76	0	0	
6	20	11	15	0	5	34	0	76	0	0	
6	21	11	15	0	6	32	0	76	0	0	
6	22	11	15	0	2	29	0	76	0	0	
6	23	11	15	0	2	30	0	76	0	0	
6	24	11	15	0	4	29	0	76	0	0	
6	25	11	15	0	6	31	0	76	0	0	
6	26	11	15	0	1	21	0	76	0	0	
6	27	11	15	0	4	15	0	76	0	0	
6	28	11	15	107	9	2	-16	74	0	0	
6	32	11	15	0	2	35	0	76	0	0	
6	33	11	15	0	6	31	0	76	0	0	
6	34	11	15	0	2	35	0	76	0	0	
6	35	11	15	0	3	19	0	76	0	0	
6	36	11	15	0	5	20	0	76	0	0	
6	37	11	15	0	2	20	0	76	0	0	
6	38	11	15	0	4	23	0	76	0	0	
6	39	11	15	0	3	15	0	76	0	0	
6	40	11	15	0	4	18	0	76	0	0	
6	41	11	15	0	4	16	0	76	0	0	
6	42	11	15	0	38	12	0	76	0	0	
6	43	11	15	0	2	11	0	76	0	0	
6	47	11	15	0	3	22	0	76	0	0	
6	48	11	15	0	2	13	0	76	0	0	
6	49	11	15	0	1	23	0	76	0	0	
6	50	11	15	0	2	22	0	76	0	0	
6	51	11	15	104	1	20	5	61	0	0	
6	54	11	15	140	1	13	7	48	0	0	
6	55	11	15	0	5	11	0	76	0	0	
6	56	11	15	0	3	9	0	76	0	0	
6	57	11	15	0	3	13	0	76	0	0	
6	58	11	15	0	6	10	0	76	0	0	
6	62	11	15	0	3	21	0	76	0	0	
6	63	11	15	138	3	20	0	72	0	0	
6	64	11	15	103	3	14	-9	95	0	0	
6	65	11	15	0	5	15	0	76	0	0	
6	66	11	15	0	22	3	0	76	0	0	
6	69	11	15	136	41	9	0	72	0	0	
6	70	11	15	139	2	10	6	54	0	0	
6	71	11	15	105	2	3	0	72	0	0	
6	77	11	15	0	41	25	11	70	0	0	
6	78	11	15	0	2	8	0	76	0	0	
6	79	11	15	0	1	14	0	76	0	0	
6	80	11	15	0	1	14	0	76	0	0	
6	81	11	15	0	23	1	0	76	0	0	
6	84	11	15	0	40	8	0	76	0	0	
6	85	11	15	137	2	10	1	58	0	0	
6	92	11	15	0	9	0	0	76	0	0	
6	93	11	15	114	37	2	0	72	0	0	
6	94	11	15	0	3	21	0	76	0	0	
6	95	11	15	0	5	18	0	76	0	0	
6	99	11	15	136	3	5	0	72	0	0	
6	100	11	15	138	2	3	0	72	0	0	
6	105	11	15	113	9	-4	0	72	0	0	
6	106	11	15	0	9	-2	0	76	0	0	
6	107	11	15	0	9	-1	0	76	0	0	
6	108	11	15	0	9	1	0	72	0	0	
6	109	11	15	0	6	20	0	76	0	0	
6	110	11	15	0	6	19	0	76	0	0	
6	111	11	15	104	5	11	5	69	0	0	
6	120	11	15	0	9	-3	0	76	0	0	
6	121	11	15	114	9	-2	0	72	0	0	
6	122	11	15	0	9	-1	0	76	0	0	
6	123	11	15	101	1	20	7	67	0	0	
6	124	11	15	0	3	17	0	76	0	0	
6	125	11	15	0	2	14	0	76	0	0	
6	126	11	15	0	3	7	0	76	0	0	
6	127	11	15	0	4	2	0	76	0	0	
6	135	11	15	0	9	-1	0	76	0	0	
6	136	11	15	0	9	0	0	76	0	0	
6	137	11	15	0	9	0	0	76	0	0	
6	138	11	15	0	3	19	0	76	0	0	
6	139	11	15	0	16	12	0	76	0	0	
6	140	11	15	0	17	9	0	76	0	0	
6	141	11	15	0	4	5	0	76	0	0	
6	142	11	15	0	2	2	0	76	0	0	
6	153	11	15	0	15	15	0	76	0	0	
6	154	11	15	0	17	10	0	76	0	0	
6	155	11	15	0	16	-5	0	76	0	0	
7	5	15	15	0	8	30	0	76	0	0	
7	6	15	15	0	8	50	0	76	0	0	
7	7	15	15	0	7	50	0	76	0	0	
7	20	15	15	0	7	38	0	76	0	0	
7	21	15	15	132	6	31	15	94	0	0	
7	22	15	15	0	6	37	0	76	0	0	
7	23	15	15	0	5	41	0	76	0	0	
7	24	15	15	0	2	44	0	76	0	0	
7	35	15	15	106	6	28	-6	95	0	0	
7	36	15	15	141	1	40	0	72	0	0	
7	37	15	15	0	6	29	0	76	0	0	
7	38	15	15	0	2	33	0	76	0	0	
7	39	15	15	0	6	34	0	76	0	0	
7	40	15	15	137	1	37	2	68	0	0	
7	47	15	15	0	5	32	0	76	0	0	
7	48	15	15	0	2	31	0	76	0	0	
7	49	15	15	0	38	36	0	76	0	0	
7	50	15	15	0	6	35	0	76	0	0	
7	51	15	15	0	6	31	0	76	0	0	
7	52	15	15	0	2	33	0	76	0	0	
7	53	15	15	0	6	30	0	76	0	0	
7	54	15	15	0	5	37	0	76	0	0	
7	55	15	15	0	2	35	0	76	0	0	
7	62	15	15	0	3	38	0	76	0	0	
7	63	15	15	0	2	36	0	76	0	0	
7	64	15	15	102	2	26	6	66	0	0	
7	65	15	15	0	6	29	0	76	0	0	
7	66	15	15	137	6	36	0	54	0	0	
7	67	15	15	0	1	43	0	76	0	0	
7	68	15	15	0	3	35	0	76	0	0	
7	70	15	15	0	4	34	0	76	0	0	
7	71	15	15	0	10	-2	0	76	0	0	
7	72	15	15	114	9	-1	0	72	0	0	
7	73	15	15	113	9	-2	0	72	0	0	
7	77	15	15	0	3	27	0	76	0	0	
7	78	15	15	0	1	26	0	76	0	0	
7	79	15	15	0	6	36	0	76	0	0	
7	80	15	15	0	5	45	0	76	0	0	
7	81	15	15	0	6	45	0	76	0	0	
7	82	15	15	0	2	42	0	76	0	0	
7	83	15	15	0	2	43	0	76	0	0	
7	84	15	15	0	4	15	0	76	0	0	
7	85	15	15	0	3	26	0	76	0	0	
7	86	15	15	0	1	9	0	76	0	0	
7	87	15	15	0	4	9	0	76	0	0	
7	88	15	15	107	9	-4	-18	75	0	0	
7	92	15	15	0	2	41	0	76	0	0	
7	93	15	15	0	6	42	0	76	0	0	
7	94	15	15	0	2	42	0	76	0	0	
7	95	15	15	0	6	34	0	76	0	0	
7	96	15	15	0	5	33	0	76	0	0	
7	97	15	15	0	2	29	0	76	0	0	
7	98	15	15	0	2	28	0	76	0	0	
7	99	15	15	0	3	12	0	76	0	0	
7	100	15	15	0	4	18	0	76	0	0	
7	101	15	15	0	5	5	0	76	0	0	
7	102	15	15	0	38	7	0	76	0	0	
7	103	15	15	0	2	8	0	72	0	0	
7	107	15	15	0	3	32	0	76	0	0	
7	108	15	15	0	2	28	0	76	0	0	
7	109	15	15	0	1	27	0	76	0	0	
7	110	15	15	0	2	25	0	76	0	0	
7	111	15	15	0	1	32	0	76	0	0	
7	114	15	15	140	1	13	5	56	0	0	
7	115	15	15	0	3	8	0	76	0	0	
7	116	15	15	0	3	8	0	76	0	0	
7	117	15	15	0	3	4	0	76	0	0	
7	118	15	15	0	6	4	0	76	0	0	
7	122	15	15	0	3	27	0	76	0	0	
7	123	15	15	138	3	33	0	72	0	0	
7	124	15	15	103	6	18	-13	88	0	0	
7	125	15	15	0	5	16	0	76	0	0	
7	126	15	15	0	22	19	0	76	0	0	
7	129	15	15	136	2	11	0	72	0	0	
7	130	15	15	139	2	15	2	51	0	0	
7	131	15	15	105	2	5	0	56	0	0	
7	137	15	15	0	41	24	0	76	0	0	
7	138	15	15	0	2	15	0	76	0	0	
7	139	15	15	0	1	18	0	76	0	0	
7	140	15	15	0	1	20	0	76	0	0	
7	141	15	15	0	23	16	0	76	0	0	
7	144	15	15	0	40	12	0	76	0	0	
7	145	15	15	137	2	12	1	53	0	0	
7	152	15	15	0	9	3	0	76	0	0	
7	153	15	15	114	37	3	0	72	0	0	
7	154	15	15	0	6	17	0	76	0	0	
7	155	15	15	0	5	17	0	76	0	0	
7	159	15	15	136	6	9	0	72	0	0	
7	160	15	15	138	2	8	0	72	0	0	
7	165	15	15	113	9	-2	0	72	0	0	
7	166	15	15	0	9	-2	0	76	0	0	
7	167	15	15	0	9	-1	0	76	0	0	
7	168	15	15	0	9	2	0	76	0	0	
7	169	15	15	136	6	14	0	72	0	0	
7	170	15	15	0	6	14	0	76	0	0	
7	171	15	15	104	1	26	8	67	0	0	
7	180	15	15	0	9	-1	0	72	0	0	
7	181	15	15	114	9	-2	0	72	0	0	
7	182	15	15	0	9	-1	0	76	0	0	
7	183	15	15	101	1	17	15	67	0	0	
7	184	15	15	0	3	15	0	76	0	0	
7	185	15	15	0	2	15	0	76	0	0	
7	186	15	15	0	6	16	0	76	0	0	
7	187	15	15	0	4	9	0	76	0	0	
7	195	15	15	0	9	-2	0	76	0	0	
7	196	15	15	0	9	-2	0	72	0	0	
7	197	15	15	0	9	-2	0	76	0	0	
7	198	15	15	0	3	11	0	76	0	0	
7	199	15	15	0	17	13	0	76	0	0	
7	200	15	15	0	17	12	0	76	0	0	
7	201	15	15	0	4	9	0	76	0	0	
7	202	15	15	0	2	9	0	76	0	0	
7	213	15	15	0	15	9	0	76	0	0	
7	214	15	15	0	17	9	0	76	0	0	
7	215	15	15	0	17	-4	0	76	0	0	
8	5	17	15	0	8	49	0	76	0	0	
8	6	17	15	0	8	57	0	76	0	0	
8	7	17	15	0	8	56	0	76	0	0	
8	20	17	15	0	8	56	0	76	0	0	
8	21	17	15	132	3	42	8	101	0	0	
8	22	17	15	0	6	48	0	76	0	0	
8	23	17	15	0	5	51	0	76	0	0	
8	24	17	15	0	2	50	0	76	0	0	
8	35	17	15	106	6	38	-8	95	0	0	
8	36	17	15	141	1	51	0	72	0	0	
8	37	17	15	0	6	33	0	76	0	0	
8	38	17	15	0	2	39	0	76	0	0	
8	39	17	15	0	6	39	0	76	0	0	
8	40	17	15	137	1	38	0	66	0	0	
8	47	17	15	0	5	29	0	76	0	0	
8	48	17	15	0	2	33	0	76	0	0	
8	49	17	15	0	38	37	0	76	0	0	
8	50	17	15	0	6	47	0	76	0	0	
8	51	17	15	0	6	39	0	76	0	0	
8	52	17	15	0	2	39	0	76	0	0	
8	53	17	15	0	6	39	0	76	0	0	
8	54	17	15	0	4	36	0	76	0	0	
8	55	17	15	0	41	41	0	76	0	0	
8	62	17	15	0	3	38	0	76	0	0	
8	63	17	15	0	2	38	0	76	0	0	
8	64	17	15	102	2	30	11	64	0	0	
8	65	17	15	0	6	37	0	76	0	0	
8	66	17	15	137	6	40	-3	52	0	0	
8	67	17	15	0	1	39	0	76	0	0	
8	68	17	15	0	3	37	0	76	0	0	
8	70	17	15	0	2	30	0	76	0	0	
8	71	17	15	0	10	0	0	76	0	0	
8	72	17	15	0	9	-1	0	76	0	0	
8	73	17	15	113	9	-4	0	72	0	0	
8	77	17	15	0	3	30	0	76	0	0	
8	78	17	15	0	1	30	0	76	0	0	
8	79	17	15	0	6	38	0	76	0	0	
8	80	17	15	0	5	35	0	76	0	0	
8	81	17	15	0	6	35	0	76	0	0	
8	82	17	15	0	2	33	0	76	0	0	
8	83	17	15	0	2	31	0	76	0	0	
8	84	17	15	0	4	9	0	76	0	0	
8	85	17	15	0	3	17	0	76	0	0	
8	86	17	15	0	1	5	0	76	0	0	
8	87	17	15	0	4	4	0	76	0	0	
8	88	17	15	107	9	-4	-20	70	0	0	
8	92	17	15	0	2	39	0	76	0	0	
8	93	17	15	0	3	37	0	76	0	0	
8	94	17	15	0	2	32	0	76	0	0	
8	95	17	15	0	3	24	0	76	0	0	
8	96	17	15	0	5	22	0	76	0	0	
8	97	17	15	0	2	20	0	76	0	0	
8	98	17	15	0	4	19	0	76	0	0	
8	99	17	15	0	6	7	0	76	0	0	
8	100	17	15	0	4	9	0	76	0	0	
8	101	17	15	0	4	8	0	76	0	0	
8	102	17	15	0	38	6	0	76	0	0	
8	103	17	15	0	39	3	0	76	0	0	
8	107	17	15	0	3	30	0	76	0	0	
8	108	17	15	0	2	25	0	76	0	0	
8	109	17	15	0	1	23	0	76	0	0	
8	110	17	15	0	2	22	0	76	0	0	
8	111	17	15	104	1	27	3	58	0	0	
8	114	17	15	140	1	3	1	52	0	0	
8	115	17	15	0	5	10	0	76	0	0	
8	116	17	15	0	3	9	0	76	0	0	
8	117	17	15	0	6	8	0	76	0	0	
8	118	17	15	0	6	4	0	76	0	0	
8	122	17	15	0	3	26	0	76	0	0	
8	123	17	15	138	6	27	0	72	0	0	
8	124	17	15	103	6	15	-14	89	0	0	
8	125	17	15	0	5	10	0	76	0	0	
8	126	17	15	0	22	11	0	76	0	0	
8	129	17	15	136	2	1	-11	70	0	0	
8	130	17	15	139	2	2	3	52	0	0	
8	131	17	15	0	2	3	0	76	0	0	
8	137	17	15	0	41	24	0	72	0	0	
8	138	17	15	0	2	12	0	76	0	0	
8	139	17	15	0	1	16	0	76	0	0	
8	140	17	15	0	1	15	0	76	0	0	
8	141	17	15	0	23	5	0	76	0	0	
8	144	17	15	0	40	-1	0	76	0	0	
8	145	17	15	137	2	1	1	50	0	0	
8	152	17	15	0	9	2	0	76	0	0	
8	153	17	15	114	37	-2	0	72	0	0	
8	154	17	15	0	6	19	0	76	0	0	
8	155	17	15	0	5	21	0	76	0	0	
8	159	17	15	136	6	-1	-5	69	0	0	
8	160	17	15	138	2	-3	0	72	0	0	
8	165	17	15	113	9	-2	0	72	0	0	
8	166	17	15	0	9	-2	0	76	0	0	
8	167	17	15	0	9	-1	0	76	0	0	
8	168	17	15	0	9	2	0	76	0	0	
8	169	17	15	136	6	22	-2	64	0	0	
8	170	17	15	0	6	25	0	76	0	0	
8	171	17	15	104	5	15	5	69	0	0	
8	180	17	15	0	9	-1	0	76	0	0	
8	181	17	15	114	9	-2	0	72	0	0	
8	182	17	15	0	9	-1	0	76	0	0	
8	183	17	15	101	1	25	12	69	0	0	
8	184	17	15	0	3	23	0	76	0	0	
8	185	17	15	0	2	23	0	76	0	0	
8	186	17	15	0	6	14	0	76	0	0	
8	187	17	15	0	4	9	0	76	0	0	
8	195	17	15	0	9	-2	0	76	0	0	
8	196	17	15	0	9	-2	0	76	0	0	
8	197	17	15	0	9	-2	0	76	0	0	
8	198	17	15	0	3	21	0	76	0	0	
8	199	17	15	0	17	19	0	76	0	0	
8	200	17	15	0	17	18	0	76	0	0	
8	201	17	15	0	4	9	0	76	0	0	
8	202	17	15	0	2	9	0	76	0	0	
8	212	17	15	0	9	-2	0	76	0	0	
8	213	17	15	0	15	22	0	76	0	0	
8	214	17	15	0	17	20	0	76	0	0	
8	215	17	15	0	17	3	0	76	0	0	
8	216	17	15	0	15	9	0	76	0	0	
8	217	17	15	0	17	6	0	76	0	0	
8	227	17	15	113	9	-4	0	72	0	0	
8	228	17	15	107	9	-3	14	61	0	0	
8	229	17	15	0	17	4	0	76	0	0	
8	230	17	15	0	15	7	0	76	0	0	
8	231	17	15	0	17	6	0	76	0	0	
8	244	17	15	0	17	4	0	76	0	0	
8	245	17	15	0	17	3	0	76	0	0	
8	246	17	15	0	16	3	0	76	0	0	
9	10	17	20	0	8	47	0	76	0	0	
9	11	17	20	0	8	56	0	76	0	0	
9	12	17	20	0	8	54	0	76	0	0	
9	30	17	20	0	8	54	0	76	0	0	
9	31	17	20	132	3	42	10	99	0	0	
9	32	17	20	0	6	45	0	76	0	0	
9	33	17	20	0	5	49	0	76	0	0	
9	34	17	20	0	2	54	0	76	0	0	
9	50	17	20	106	6	42	-6	94	0	0	
9	51	17	20	141	1	45	0	72	0	0	
9	52	17	20	0	6	35	0	76	0	0	
9	53	17	20	0	2	40	0	76	0	0	
9	54	17	20	0	6	40	0	76	0	0	
9	55	17	20	137	1	45	-2	60	0	0	
9	63	17	20	133	16	56	0	72	0	0	
9	64	17	20	133	15	55	0	72	0	0	
9	65	17	20	0	17	52	0	76	0	0	
9	66	17	20	0	4	50	0	76	0	0	
9	67	17	20	0	5	49	0	76	0	0	
9	68	17	20	0	2	47	0	76	0	0	
9	69	17	20	0	38	45	0	76	0	0	
9	70	17	20	0	3	47	0	76	0	0	
9	71	17	20	0	3	36	0	76	0	0	
9	72	17	20	0	2	33	0	76	0	0	
9	73	17	20	0	6	35	0	76	0	0	
9	74	17	20	0	4	38	0	76	0	0	
9	75	17	20	0	41	45	0	76	0	0	
9	82	17	20	107	14	25	0	72	0	0	
9	83	17	20	133	14	23	0	72	0	0	
9	84	17	20	133	14	20	0	72	0	0	
9	85	17	20	0	17	47	0	76	0	0	
9	86	17	20	141	6	52	0	72	0	0	
9	87	17	20	0	6	50	0	72	0	0	
9	88	17	20	0	2	47	0	76	0	0	
9	89	17	20	102	2	34	13	63	0	0	
9	90	17	20	0	3	36	0	76	0	0	
9	91	17	20	136	3	36	0	72	0	0	
9	92	17	20	0	3	39	0	76	0	0	
9	93	17	20	0	3	37	0	76	0	0	
9	95	17	20	0	2	37	0	76	0	0	
9	96	17	20	0	10	-	0	76	0	0	
9	97	17	20	114	9	-2	0	72	0	0	
9	98	17	20	113	9	-4	0	72	0	0	
9	102	17	20	0	13	31	0	76	0	0	
9	103	17	20	0	13	20	0	76	0	0	
9	104	17	20	0	13	16	0	76	0	0	
9	105	17	20	0	17	33	0	76	0	0	
9	106	17	20	0	17	42	0	76	0	0	
9	107	17	20	0	3	43	0	76	0	0	
9	108	17	20	0	1	39	0	76	0	0	
9	109	17	20	0	3	38	0	76	0	0	
9	110	17	20	0	5	34	0	76	0	0	
9	111	17	20	0	3	32	0	72	0	0	
9	112	17	20	0	2	34	0	76	0	0	
9	113	17	20	0	2	35	0	76	0	0	
9	114	17	20	0	4	19	0	76	0	0	
9	115	17	20	0	3	25	0	76	0	0	
9	116	17	20	0	1	15	0	76	0	0	
9	117	17	20	0	4	13	0	76	0	0	
9	118	17	20	107	9	-5	-14	77	0	0	
9	121	17	20	0	12	17	0	76	0	0	
9	122	17	20	0	14	27	0	76	0	0	
9	123	17	20	0	14	25	0	76	0	0	
9	124	17	20	0	14	14	0	76	0	0	
9	125	17	20	0	17	21	0	76	0	0	
9	126	17	20	0	17	39	0	76	0	0	
9	127	17	20	0	2	39	0	76	0	0	
9	128	17	20	0	3	41	0	76	0	0	
9	129	17	20	0	2	35	0	76	0	0	
9	130	17	20	0	3	23	0	76	0	0	
9	131	17	20	0	5	22	0	76	0	0	
9	132	17	20	0	2	23	0	76	0	0	
9	133	17	20	0	4	25	0	76	0	0	
9	134	17	20	0	6	16	0	76	0	0	
9	135	17	20	0	4	15	0	76	0	0	
9	136	17	20	0	4	11	0	76	0	0	
9	137	17	20	0	38	10	0	72	0	0	
9	138	17	20	0	2	10	0	72	0	0	
9	141	17	20	0	13	15	0	76	0	0	
9	142	17	20	0	13	24	0	76	0	0	
9	143	17	20	0	13	22	0	76	0	0	
9	144	17	20	0	17	9	0	76	0	0	
9	145	17	20	0	14	6	0	76	0	0	
9	146	17	20	0	6	33	0	76	0	0	
9	147	17	20	0	3	29	0	76	0	0	
9	148	17	20	0	2	23	0	76	0	0	
9	149	17	20	0	1	24	0	76	0	0	
9	150	17	20	0	2	24	0	76	0	0	
9	151	17	20	104	1	28	6	66	0	0	
9	154	17	20	140	1	16	4	49	0	0	
9	155	17	20	0	5	14	0	76	0	0	
9	156	17	20	0	6	9	0	76	0	0	
9	157	17	20	0	6	6	0	76	0	0	
9	158	17	20	0	6	7	0	76	0	0	
9	161	17	20	133	17	11	0	72	0	0	
9	162	17	20	0	14	20	0	72	0	0	
9	163	17	20	0	13	18	0	72	0	0	
9	164	17	20	0	13	5	0	72	0	0	
9	165	17	20	107	13	4	14	58	0	0	
9	166	17	20	0	1	18	0	76	0	0	
9	167	17	20	0	6	29	0	76	0	0	
9	168	17	20	138	3	28	0	72	0	0	
9	169	17	20	103	6	12	-11	96	0	0	
9	170	17	20	0	5	12	0	76	0	0	
9	171	17	20	0	22	8	0	72	0	0	
9	174	17	20	136	41	12	0	72	0	0	
9	175	17	20	139	2	9	2	72	0	0	
9	176	17	20	105	2	4	6	59	0	0	
9	181	17	20	0	13	9	0	76	0	0	
9	182	17	20	0	14	10	0	76	0	0	
9	183	17	20	0	14	9	0	72	0	0	
9	184	17	20	0	12	3	0	76	0	0	
9	185	17	20	133	9	0	0	72	0	0	
9	187	17	20	0	41	26	0	76	0	0	
9	188	17	20	0	2	18	0	76	0	0	
9	189	17	20	0	1	23	0	76	0	0	
9	190	17	20	0	1	21	0	76	0	0	
9	191	17	20	0	23	6	0	76	0	0	
9	194	17	20	0	40	9	0	76	0	0	
9	195	17	20	137	2	8	4	56	0	0	
9	202	17	20	0	13	6	0	76	0	0	
9	203	17	20	0	13	4	0	76	0	0	
9	207	17	20	0	9	1	0	76	0	0	
9	208	17	20	114	37	-3	0	72	0	0	
9	209	17	20	0	3	22	0	76	0	0	
9	210	17	20	0	5	23	0	76	0	0	
9	214	17	20	136	6	6	0	72	0	0	
9	215	17	20	138	2	7	0	72	0	0	
9	222	17	20	133	9	-4	-3	68	0	0	
9	223	17	20	0	13	0	0	76	0	0	
9	225	17	20	113	9	-1	0	72	0	0	
9	226	17	20	0	9	-2	0	76	0	0	
9	227	17	20	0	9	-3	0	76	0	0	
9	228	17	20	0	9	0	0	76	0	0	
9	229	17	20	136	3	22	0	72	0	0	
9	230	17	20	0	6	23	0	76	0	0	
9	231	17	20	104	5	17	6	64	0	0	
9	245	17	20	0	9	0	0	76	0	0	
9	246	17	20	114	9	-2	0	72	0	0	
9	247	17	20	0	9	-2	0	76	0	0	
9	248	17	20	101	1	20	12	70	0	0	
9	249	17	20	0	6	23	0	76	0	0	
9	250	17	20	0	2	19	0	76	0	0	
9	251	17	20	0	3	12	0	76	0	0	
9	252	17	20	0	4	9	0	76	0	0	
9	265	17	20	0	9	-2	0	76	0	0	
9	266	17	20	0	9	-3	0	76	0	0	
9	267	17	20	0	9	-3	0	76	0	0	
9	268	17	20	0	3	17	0	76	0	0	
9	269	17	20	0	17	19	0	76	0	0	
9	270	17	20	0	17	17	0	76	0	0	
9	271	17	20	0	4	8	0	76	0	0	
9	272	17	20	0	2	7	0	76	0	0	
9	287	17	20	0	9	-4	0	76	0	0	
9	288	17	20	0	15	13	0	76	0	0	
9	289	17	20	0	17	15	0	76	0	0	
9	290	17	20	0	17	4	0	76	0	0	
9	291	17	20	0	15	3	0	76	0	0	
9	292	17	20	0	17	1	0	76	0	0	
9	307	17	20	113	9	-2	0	72	0	0	
9	308	17	20	107	9	-2	8	59	0	0	
9	309	17	20	0	17	3	0	76	0	0	
9	310	17	20	0	15	1	0	76	0	0	
9	311	17	20	0	17	-2	0	76	0	0	
9	329	17	20	0	17	1	0	76	0	0	
9	330	17	20	0	17	0	0	76	0	0	
9	331	17	20	0	16	0	0	76	0	0	
10	6	21	20	134	20	81	16	63	0	0	
10	7	21	20	0	21	55	0	76	0	0	
10	8	21	20	0	21	27	0	76	0	0	
10	24	21	20	0	21	65	0	76	0	0	
10	25	21	20	0	21	59	0	76	0	0	
10	26	21	20	0	21	56	0	76	0	0	
10	27	21	20	0	20	44	0	76	0	0	
10	28	21	20	0	20	46	0	76	0	0	
10	29	21	20	0	8	29	0	76	0	0	
10	43	21	20	0	21	62	0	76	0	0	
10	44	21	20	0	21	61	0	76	0	0	
10	45	21	20	0	20	45	0	76	0	0	
10	46	21	20	0	20	43	0	76	0	0	
10	47	21	20	0	20	46	0	76	0	0	
10	48	21	20	0	21	45	0	76	0	0	
10	49	21	20	0	8	28	0	76	0	0	
10	64	21	20	0	20	41	0	76	0	0	
10	65	21	20	0	21	40	0	76	0	0	
10	66	21	20	0	20	40	0	76	0	0	
10	67	21	20	0	21	33	0	76	0	0	
10	68	21	20	0	20	29	0	76	0	0	
10	69	21	20	0	7	30	0	76	0	0	
10	83	21	20	0	8	39	0	76	0	0	
10	84	21	20	0	20	46	0	76	0	0	
10	85	21	20	0	20	44	0	76	0	0	
10	86	21	20	0	21	44	0	76	0	0	
10	87	21	20	0	20	28	0	76	0	0	
10	88	21	20	135	7	16	3	73	0	0	
10	89	21	20	0	8	29	0	76	0	0	
10	90	21	20	0	8	33	0	76	0	0	
10	91	21	20	0	8	40	0	76	0	0	
10	92	21	20	0	7	38	0	76	0	0	
10	103	21	20	0	8	38	0	76	0	0	
10	104	21	20	0	7	34	0	76	0	0	
10	105	21	20	0	8	35	0	76	0	0	
10	106	21	20	0	8	27	0	76	0	0	
10	107	21	20	0	7	22	0	76	0	0	
10	108	21	20	0	8	24	0	76	0	0	
10	109	21	20	0	7	25	0	76	0	0	
10	110	21	20	0	8	33	0	76	0	0	
10	111	21	20	132	3	26	10	99	0	0	
10	112	21	20	0	6	26	0	76	0	0	
10	113	21	20	0	5	40	0	76	0	0	
10	114	21	20	0	2	40	0	76	0	0	
10	123	21	20	0	8	34	0	76	0	0	
10	124	21	20	0	7	38	0	76	0	0	
10	125	21	20	0	8	39	0	76	0	0	
10	126	21	20	0	1	20	0	76	0	0	
10	127	21	20	0	8	30	0	76	0	0	
10	128	21	20	0	7	38	0	76	0	0	
10	129	21	20	0	8	26	0	76	0	0	
10	130	21	20	106	6	19	-3	93	0	0	
10	131	21	20	141	1	23	0	72	0	0	
10	132	21	20	0	3	19	0	76	0	0	
10	133	21	20	0	2	28	0	76	0	0	
10	134	21	20	0	6	29	0	76	0	0	
10	135	21	20	137	1	30	0	61	0	0	
10	143	21	20	133	17	22	0	72	0	0	
10	144	21	20	133	15	19	0	72	0	0	
10	145	21	20	0	17	18	0	76	0	0	
10	146	21	20	0	4	22	0	76	0	0	
10	147	21	20	0	5	19	0	76	0	0	
10	148	21	20	0	2	24	0	76	0	0	
10	149	21	20	0	38	18	0	76	0	0	
10	150	21	20	0	3	24	0	76	0	0	
10	151	21	20	0	3	10	0	76	0	0	
10	152	21	20	0	2	18	0	76	0	0	
10	153	21	20	0	6	27	0	76	0	0	
10	154	21	20	0	4	33	0	76	0	0	
10	155	21	20	0	2	30	0	76	0	0	
10	162	21	20	107	14	0	16	82	0	0	
10	163	21	20	133	14	-3	6	69	0	0	
10	164	21	20	133	14	-5	0	72	0	0	
10	165	21	20	0	17	29	0	76	0	0	
10	166	21	20	141	3	26	0	72	0	0	
10	167	21	20	0	6	21	0	76	0	0	
10	168	21	20	0	2	26	0	76	0	0	
10	169	21	20	102	2	9	7	65	0	0	
10	170	21	20	0	6	16	0	76	0	0	
10	171	21	20	137	3	16	-1	57	0	0	
10	172	21	20	0	1	17	0	76	0	0	
10	173	21	20	0	6	24	0	76	0	0	
10	175	21	20	0	2	22	0	76	0	0	
10	176	21	20	0	10	-6	0	76	0	0	
10	177	21	20	114	9	-3	0	72	0	0	
10	178	21	20	113	9	-3	0	72	0	0	
10	182	21	20	0	13	16	0	76	0	0	
10	183	21	20	0	13	-3	0	76	0	0	
10	184	21	20	0	13	-1	0	76	0	0	
10	185	21	20	0	17	19	0	76	0	0	
10	186	21	20	0	17	19	0	76	0	0	
10	187	21	20	0	3	15	0	76	0	0	
10	188	21	20	0	1	18	0	76	0	0	
10	189	21	20	0	3	21	0	76	0	0	
10	190	21	20	0	5	26	0	76	0	0	
10	191	21	20	0	6	29	0	76	0	0	
10	192	21	20	0	2	30	0	76	0	0	
10	193	21	20	0	2	30	0	76	0	0	
10	194	21	20	0	4	1	0	76	0	0	
10	195	21	20	0	3	15	0	76	0	0	
10	196	21	20	0	1	0	0	76	0	0	
10	197	21	20	0	4	3	0	76	0	0	
10	198	21	20	107	9	-3	-6	71	0	0	
10	201	21	20	0	12	9	0	76	0	0	
10	202	21	20	0	14	19	0	76	0	0	
10	203	21	20	0	14	20	0	76	0	0	
10	204	21	20	0	14	-5	0	76	0	0	
10	205	21	20	0	16	10	0	76	0	0	
10	206	21	20	0	17	16	0	76	0	0	
10	207	21	20	0	2	22	0	76	0	0	
10	208	21	20	0	3	22	0	76	0	0	
10	209	21	20	0	2	25	0	76	0	0	
10	210	21	20	0	3	14	0	76	0	0	
10	211	21	20	0	5	17	0	76	0	0	
10	212	21	20	0	2	17	0	76	0	0	
10	213	21	20	0	4	18	0	76	0	0	
10	214	21	20	0	3	1	0	76	0	0	
10	215	21	20	0	4	5	0	76	0	0	
10	216	21	20	0	4	4	0	76	0	0	
10	217	21	20	0	38	5	0	76	0	0	
10	218	21	20	0	2	9	0	76	0	0	
10	221	21	20	0	13	10	0	76	0	0	
10	222	21	20	0	13	20	0	76	0	0	
10	223	21	20	0	13	18	0	76	0	0	
10	224	21	20	0	17	0	0	76	0	0	
10	225	21	20	0	14	-2	0	76	0	0	
10	226	21	20	0	6	25	0	76	0	0	
10	227	21	20	0	6	15	0	76	0	0	
10	228	21	20	0	2	14	0	76	0	0	
10	229	21	20	0	1	20	0	76	0	0	
10	230	21	20	0	2	21	0	76	0	0	
10	231	21	20	104	1	22	2	60	0	0	
10	234	21	20	140	1	5	6	57	0	0	
10	235	21	20	0	5	9	0	76	0	0	
10	236	21	20	0	3	9	0	76	0	0	
10	237	21	20	0	3	9	0	76	0	0	
10	238	21	20	0	6	9	0	76	0	0	
10	241	21	20	133	15	5	0	72	0	0	
10	242	21	20	0	14	17	0	76	0	0	
10	243	21	20	0	11	16	0	76	0	0	
10	244	21	20	0	13	-3	0	76	0	0	
10	245	21	20	107	13	0	13	62	0	0	
10	246	21	20	0	1	16	0	76	0	0	
10	247	21	20	0	6	26	0	76	0	0	
10	248	21	20	138	6	21	0	72	0	0	
10	249	21	20	103	6	9	-10	90	0	0	
10	250	21	20	0	5	9	0	76	0	0	
10	251	21	20	0	22	5	0	76	0	0	
10	254	21	20	136	2	9	0	72	0	0	
10	255	21	20	139	2	9	3	53	0	0	
10	256	21	20	105	2	6	1	59	0	0	
10	261	21	20	0	13	1	0	76	0	0	
10	262	21	20	0	14	6	0	76	0	0	
10	263	21	20	0	14	4	0	76	0	0	
10	264	21	20	0	12	0	0	76	0	0	
10	265	21	20	133	9	-5	1	72	0	0	
10	267	21	20	0	41	25	0	76	0	0	
10	268	21	20	0	2	9	0	76	0	0	
10	269	21	20	0	1	9	0	76	0	0	
10	270	21	20	0	1	9	0	76	0	0	
10	271	21	20	0	23	1	0	76	0	0	
10	274	21	20	0	40	9	0	76	0	0	
10	275	21	20	137	2	9	1	60	0	0	
10	282	21	20	0	13	3	0	76	0	0	
10	283	21	20	0	13	2	0	76	0	0	
10	287	21	20	0	9	6	0	76	0	0	
10	288	21	20	114	37	2	0	72	0	0	
10	289	21	20	0	6	15	0	76	0	0	
10	290	21	20	0	5	15	0	76	0	0	
10	294	21	20	136	3	9	0	72	0	0	
10	295	21	20	138	2	9	0	72	0	0	
10	302	21	20	133	9	0	-6	72	0	0	
10	303	21	20	0	13	3	0	76	0	0	
10	305	21	20	113	9	8	0	72	0	0	
10	306	21	20	0	9	7	0	76	0	0	
10	307	21	20	0	9	6	0	76	0	0	
10	308	21	20	0	9	4	0	76	0	0	
10	309	21	20	136	6	18	-8	60	0	0	
10	310	21	20	0	3	16	0	76	0	0	
10	311	21	20	104	5	9	4	68	0	0	
10	325	21	20	0	9	5	0	76	0	0	
10	326	21	20	114	9	5	0	72	0	0	
10	327	21	20	0	9	4	0	76	0	0	
10	328	21	20	101	1	22	8	68	0	0	
10	329	21	20	0	3	19	0	76	0	0	
10	330	21	20	0	2	15	0	76	0	0	
10	331	21	20	0	6	9	0	76	0	0	
10	332	21	20	0	4	9	0	76	0	0	
10	345	21	20	0	9	3	0	76	0	0	
10	346	21	20	0	9	4	0	76	0	0	
10	347	21	20	0	9	3	0	76	0	0	
10	348	21	20	0	6	22	0	76	0	0	
10	349	21	20	0	17	17	0	76	0	0	
10	350	21	20	0	17	14	0	76	0	0	
10	351	21	20	0	4	9	0	76	0	0	
10	352	21	20	0	2	9	0	76	0	0	
10	367	21	20	0	9	1	0	76	0	0	
10	368	21	20	0	15	14	0	76	0	0	
10	369	21	20	0	17	12	0	76	0	0	
10	370	21	20	0	17	3	0	76	0	0	
10	371	21	20	0	15	3	0	76	0	0	
10	372	21	20	0	17	5	0	76	0	0	
10	387	21	20	113	9	0	0	72	0	0	
10	388	21	20	107	9	-1	13	59	0	0	
10	389	21	20	0	17	-6	0	76	0	0	
10	390	21	20	0	42	0	0	76	0	0	
10	391	21	20	0	17	2	0	76	0	0	
10	409	21	20	0	17	-3	0	76	0	0	
10	410	21	20	0	17	-4	0	76	0	0	
10	411	21	20	0	16	-3	0	76	0	0	
11	13	23	20	0	18	106	0	76	0	0	
11	14	23	20	0	18	91	0	76	0	0	
11	15	23	20	0	19	71	0	76	0	0	
11	16	23	20	0	18	50	0	76	0	0	
11	32	23	20	0	18	89	0	76	0	0	
11	33	23	20	0	19	87	0	76	0	0	
11	34	23	20	0	18	88	0	76	0	0	
11	35	23	20	0	18	69	0	76	0	0	
11	36	23	20	0	19	50	0	76	0	0	
11	45	23	20	134	21	108	19	68	0	0	
11	46	23	20	134	20	90	15	58	0	0	
11	47	23	20	0	21	69	29	72	0	0	
11	48	23	20	0	20	54	0	76	0	0	
11	52	23	20	0	19	71	0	76	0	0	
11	53	23	20	0	18	50	0	76	0	0	
11	54	23	20	0	19	71	0	76	0	0	
11	55	23	20	0	19	69	0	76	0	0	
11	63	23	20	0	21	100	0	76	0	0	
11	64	23	20	0	21	71	0	76	0	0	
11	65	23	20	0	21	69	0	76	0	0	
11	66	23	20	0	21	69	0	76	0	0	
11	67	23	20	0	20	55	0	76	0	0	
11	68	23	20	0	20	57	0	72	0	0	
11	69	23	20	0	8	36	0	72	0	0	
11	73	23	20	0	18	63	0	76	0	0	
11	74	23	20	0	19	52	0	76	0	0	
11	83	23	20	0	21	78	0	76	0	0	
11	84	23	20	0	21	71	0	76	0	0	
11	85	23	20	0	21	56	0	76	0	0	
11	86	23	20	0	20	55	0	76	0	0	
11	87	23	20	0	21	57	0	76	0	0	
11	88	23	20	0	20	55	0	76	0	0	
11	89	23	20	0	8	33	0	76	0	0	
11	90	23	20	130	8	42	12	67	0	0	
11	91	23	20	132	8	51	12	79	0	0	
11	93	23	20	0	18	46	0	76	0	0	
11	94	23	20	0	18	46	0	76	0	0	
11	95	23	20	0	19	44	0	76	0	0	
11	104	23	20	0	20	56	0	76	0	0	
11	105	23	20	0	21	51	0	76	0	0	
11	106	23	20	0	20	62	0	76	0	0	
11	107	23	20	0	21	47	0	76	0	0	
11	108	23	20	0	20	45	0	76	0	0	
11	109	23	20	0	7	30	0	76	0	0	
11	110	23	20	0	7	34	0	76	0	0	
11	111	23	20	131	7	57	19	63	0	0	
11	112	23	20	130	8	55	6	67	0	0	
11	113	23	20	0	7	42	0	76	0	0	
11	114	23	20	0	1	40	0	76	0	0	
11	115	23	20	0	6	39	0	76	0	0	
11	116	23	20	101	41	40	22	69	0	0	
11	123	23	20	0	8	52	0	76	0	0	
11	124	23	20	0	20	59	0	76	0	0	
11	125	23	20	0	20	60	0	76	0	0	
11	126	23	20	0	21	62	0	76	0	0	
11	127	23	20	0	20	44	0	76	0	0	
11	128	23	20	135	7	31	8	70	0	0	
11	129	23	20	0	8	30	0	76	0	0	
11	130	23	20	0	8	32	0	76	0	0	
11	131	23	20	0	8	54	0	76	0	0	
11	132	23	20	0	7	52	0	76	0	0	
11	133	23	20	0	6	39	0	76	0	0	
11	134	23	20	0	6	41	0	76	0	0	
11	135	23	20	0	2	41	0	76	0	0	
11	136	23	20	0	6	41	0	76	0	0	
11	143	23	20	0	8	50	0	76	0	0	
11	144	23	20	0	7	47	0	76	0	0	
11	145	23	20	0	8	46	0	76	0	0	
11	146	23	20	0	8	41	0	76	0	0	
11	147	23	20	0	7	34	0	76	0	0	
11	148	23	20	0	8	32	0	76	0	0	
11	149	23	20	0	7	32	0	76	0	0	
11	150	23	20	0	7	43	0	76	0	0	
11	151	23	20	132	3	34	10	104	0	0	
11	152	23	20	0	6	36	0	76	0	0	
11	153	23	20	0	5	41	0	76	0	0	
11	154	23	20	0	2	41	0	76	0	0	
11	155	23	20	0	4	40	0	76	0	0	
11	156	23	20	0	1	40	0	76	0	0	
11	163	23	20	0	8	57	0	76	0	0	
11	164	23	20	0	7	57	0	76	0	0	
11	165	23	20	0	7	54	0	76	0	0	
11	166	23	20	0	1	33	0	76	0	0	
11	167	23	20	0	8	41	0	76	0	0	
11	168	23	20	0	7	49	0	76	0	0	
11	169	23	20	0	8	44	0	76	0	0	
11	170	23	20	106	6	33	-6	96	0	0	
11	171	23	20	141	1	35	0	72	0	0	
11	172	23	20	0	6	25	0	76	0	0	
11	173	23	20	0	2	30	0	76	0	0	
11	174	23	20	0	6	31	0	76	0	0	
11	175	23	20	137	1	30	0	72	0	0	
11	176	23	20	103	4	36	23	42	0	0	
11	183	23	20	133	17	42	-2	60	0	0	
11	184	23	20	133	15	41	7	64	0	0	
11	185	23	20	0	17	39	0	76	0	0	
11	186	23	20	0	4	35	0	76	0	0	
11	187	23	20	0	5	32	0	76	0	0	
11	188	23	20	0	2	35	0	76	0	0	
11	189	23	20	0	38	34	0	76	0	0	
11	190	23	20	0	3	32	0	76	0	0	
11	191	23	20	0	6	24	0	76	0	0	
11	192	23	20	0	2	22	0	76	0	0	
11	193	23	20	0	6	27	0	76	0	0	
11	194	23	20	0	4	28	0	76	0	0	
11	195	23	20	0	41	30	0	76	0	0	
11	202	23	20	107	14	12	21	72	0	0	
11	203	23	20	133	14	8	1	65	0	0	
11	204	23	20	133	14	6	11	72	0	0	
11	205	23	20	0	17	40	0	76	0	0	
11	206	23	20	141	6	38	0	72	0	0	
11	207	23	20	0	6	39	0	76	0	0	
11	208	23	20	0	2	38	0	76	0	0	
11	209	23	20	102	2	24	10	58	0	0	
11	210	23	20	0	6	21	0	76	0	0	
11	211	23	20	137	3	29	-3	49	0	0	
11	212	23	20	0	1	29	0	76	0	0	
11	213	23	20	0	6	27	0	76	0	0	
11	215	23	20	0	2	19	0	76	0	0	
11	216	23	20	0	10	0	0	76	0	0	
11	217	23	20	114	9	0	0	72	0	0	
11	218	23	20	113	9	-1	0	72	0	0	
11	222	23	20	0	13	18	0	72	0	0	
11	223	23	20	0	13	3	0	76	0	0	
11	224	23	20	0	13	4	0	76	0	0	
11	225	23	20	0	17	30	0	76	0	0	
11	226	23	20	0	17	29	0	76	0	0	
11	227	23	20	0	6	30	0	76	0	0	
11	228	23	20	0	1	30	0	76	0	0	
11	229	23	20	0	3	28	0	76	0	0	
11	230	23	20	0	5	29	0	76	0	0	
11	231	23	20	0	6	31	0	76	0	0	
11	232	23	20	0	2	31	0	76	0	0	
11	233	23	20	0	2	29	0	76	0	0	
11	234	23	20	0	4	8	0	76	0	0	
11	235	23	20	0	3	12	0	76	0	0	
11	236	23	20	0	1	5	0	76	0	0	
11	237	23	20	0	4	3	0	76	0	0	
11	238	23	20	107	9	0	-17	72	0	0	
11	241	23	20	0	12	15	0	72	0	0	
11	242	23	20	0	14	15	0	76	0	0	
11	243	23	20	0	14	16	0	76	0	0	
11	244	23	20	0	14	5	0	76	0	0	
11	245	23	20	0	16	17	0	76	0	0	
11	246	23	20	0	16	34	0	76	0	0	
11	247	23	20	0	2	32	0	76	0	0	
11	248	23	20	0	6	32	0	76	0	0	
11	249	23	20	0	2	30	0	76	0	0	
11	250	23	20	0	3	18	0	76	0	0	
11	251	23	20	0	5	20	0	76	0	0	
11	252	23	20	0	2	20	0	76	0	0	
11	253	23	20	0	4	20	0	76	0	0	
11	254	23	20	0	6	7	0	76	0	0	
11	255	23	20	0	4	4	0	76	0	0	
11	256	23	20	0	4	3	0	76	0	0	
11	257	23	20	0	38	9	0	76	0	0	
11	258	23	20	0	2	7	0	76	0	0	
11	261	23	20	0	13	13	0	76	0	0	
11	262	23	20	0	13	13	0	76	0	0	
11	263	23	20	0	13	14	0	72	0	0	
11	264	23	20	0	17	2	0	76	0	0	
11	265	23	20	0	14	3	0	76	0	0	
11	266	23	20	0	6	31	0	76	0	0	
11	267	23	20	0	6	26	0	76	0	0	
11	268	23	20	0	2	21	0	76	0	0	
11	269	23	20	0	1	18	0	76	0	0	
11	270	23	20	0	2	18	0	76	0	0	
11	271	23	20	104	1	24	3	58	0	0	
11	274	23	20	140	1	7	8	51	0	0	
11	275	23	20	0	5	8	0	76	0	0	
11	276	23	20	0	6	5	0	76	0	0	
11	277	23	20	0	6	5	0	76	0	0	
11	278	23	20	0	6	4	0	76	0	0	
11	281	23	20	133	15	4	1	66	0	0	
11	282	23	20	0	14	13	0	76	0	0	
11	283	23	20	0	11	11	0	76	0	0	
11	284	23	20	0	13	1	0	76	0	0	
11	285	23	20	107	14	2	14	59	0	0	
11	286	23	20	0	1	21	0	76	0	0	
11	287	23	20	0	6	25	0	76	0	0	
11	288	23	20	138	3	23	0	72	0	0	
11	289	23	20	103	6	7	-12	92	0	0	
11	290	23	20	0	5	8	0	76	0	0	
11	291	23	20	0	22	8	0	76	0	0	
11	294	23	20	136	41	8	-11	69	0	0	
11	295	23	20	139	2	7	6	53	0	0	
11	296	23	20	105	2	7	2	52	0	0	
11	301	23	20	0	13	2	0	76	0	0	
11	302	23	20	0	14	3	0	76	0	0	
11	303	23	20	0	14	2	0	76	0	0	
11	304	23	20	0	12	2	0	76	0	0	
11	305	23	20	133	9	-2	4	75	0	0	
11	307	23	20	0	41	23	0	76	0	0	
11	308	23	20	0	2	8	0	76	0	0	
11	309	23	20	0	1	11	0	76	0	0	
11	310	23	20	0	1	14	0	76	0	0	
11	311	23	20	0	23	3	0	76	0	0	
11	314	23	20	0	40	6	-28	72	0	0	
11	315	23	20	137	2	6	2	52	0	0	
11	322	23	20	0	13	5	0	76	0	0	
11	323	23	20	0	13	3	0	76	0	0	
11	327	23	20	0	9	2	0	76	0	0	
11	328	23	20	114	37	-4	0	72	0	0	
11	329	23	20	0	3	10	0	76	0	0	
11	330	23	20	0	5	12	0	76	0	0	
11	334	23	20	136	6	4	0	72	0	0	
11	335	23	20	138	2	6	0	72	0	0	
11	342	23	20	133	9	0	-5	67	0	0	
11	343	23	20	0	13	0	0	76	0	0	
11	345	23	20	113	9	-1	0	72	0	0	
11	346	23	20	0	9	-1	0	76	0	0	
11	347	23	20	0	9	-1	0	76	0	0	
11	348	23	20	0	9	1	0	76	0	0	
11	349	23	20	136	3	7	0	72	0	0	
11	350	23	20	0	6	12	0	76	0	0	
11	351	23	20	104	5	8	6	67	0	0	
11	365	23	20	0	9	-1	0	76	0	0	
11	366	23	20	114	9	-1	0	72	0	0	
11	367	23	20	0	9	-1	0	76	0	0	
11	368	23	20	101	1	16	21	69	0	0	
11	369	23	20	0	6	15	0	76	0	0	
11	370	23	20	0	2	15	0	76	0	0	
11	371	23	20	0	6	7	0	76	0	0	
11	372	23	20	0	4	4	0	76	0	0	
11	385	23	20	0	9	-1	0	76	0	0	
11	386	23	20	0	9	0	0	76	0	0	
11	387	23	20	0	9	-1	0	76	0	0	
11	388	23	20	0	6	16	0	76	0	0	
11	389	23	20	0	17	13	0	76	0	0	
11	390	23	20	0	17	13	0	76	0	0	
11	391	23	20	0	4	7	0	76	0	0	
11	392	23	20	0	2	4	0	76	0	0	
11	407	23	20	0	9	-1	0	76	0	0	
11	408	23	20	0	15	14	2	72	0	0	
11	409	23	20	0	17	14	0	76	0	0	
11	410	23	20	0	17	3	0	76	0	0	
11	411	23	20	0	15	4	0	76	0	0	
11	412	23	20	0	17	2	0	72	0	0	
11	427	23	20	113	9	-1	0	72	0	0	
11	428	23	20	107	9	-1	20	59	0	0	
11	429	23	20	0	17	1	0	76	0	0	
11	430	23	20	0	15	2	0	76	0	0	
11	431	23	20	0	17	2	0	76	0	0	
11	449	23	20	0	17	0	0	76	0	0	
11	450	23	20	0	17	1	0	76	0	0	
11	451	23	20	0	16	0	0	76	0	0	
20	1	8	6	147	25	99	-4	32	1	1	
20	2	8	6	0	25	85	0	72	1	1	
20	3	8	6	0	25	85	0	76	1	1	
20	4	8	6	147	25	100	-5	32	1	1	
20	6	8	6	149	28	98	-3	39	1	1	
20	7	8	6	0	24	10	0	76	1	1	
20	8	8	6	146	28	8	-1	81	1	1	
20	9	8	6	146	28	9	0	77	1	1	
20	10	8	6	0	29	9	0	76	1	1	
20	11	8	6	151	28	98	-4	40	1	1	
20	12	8	6	109	28	15	14	89	1	1	
20	13	8	6	0	25	9	0	76	1	1	
20	14	8	6	146	28	9	0	81	1	1	
20	15	8	6	146	28	9	-5	82	1	1	
20	16	8	6	0	29	9	0	76	1	1	
20	17	8	6	109	28	11	13	91	1	1	
20	19	8	6	147	24	23	-9	33	1	1	
20	20	8	6	0	24	2	0	76	1	1	
20	21	8	6	0	26	4	0	76	1	1	
20	22	8	6	147	29	25	-4	34	1	1	
20	26	8	6	0	29	-1	0	76	1	1	
20	27	8	6	0	24	3	0	76	1	1	
20	31	8	6	147	29	24	-7	35	1	1	
20	32	8	6	0	24	-3	0	76	1	1	
20	33	8	6	0	25	1	0	76	1	1	
20	34	8	6	147	24	23	-4	38	1	1	
20	38	8	6	0	29	-3	0	76	1	1	
20	39	8	6	0	24	3	0	76	1	1	
20	44	8	6	0	24	2	0	76	1	1	
20	45	8	6	0	26	1	0	72	1	1	
21	2	15	7	143	29	23	-19	64	1	1	
21	3	15	7	143	24	22	26	51	1	1	
21	8	15	7	0	29	22	0	76	1	1	
21	9	15	7	0	29	23	0	76	1	1	
21	10	15	7	0	26	23	0	76	1	1	
21	15	15	7	0	29	23	0	76	1	1	
21	16	15	7	0	29	23	0	76	1	1	
21	17	15	7	0	25	23	0	76	1	1	
21	18	15	7	0	25	22	0	76	1	1	
21	21	15	7	150	27	99	2	41	1	1	
21	22	15	7	0	29	24	0	76	1	1	
21	23	15	7	145	27	41	3	88	1	1	
21	24	15	7	145	28	44	0	76	1	1	
21	25	15	7	0	25	23	0	76	1	1	
21	26	15	7	149	29	97	8	43	1	1	
21	28	15	7	151	29	100	-2	38	1	1	
21	29	15	7	0	29	25	0	76	1	1	
21	30	15	7	145	28	42	0	76	1	1	
21	31	15	7	145	27	45	0	76	1	1	
21	32	15	7	0	25	24	0	76	1	1	
21	33	15	7	150	25	99	-7	42	1	1	
21	35	15	7	143	25	26	-28	64	1	1	
21	36	15	7	0	25	27	-82	120	1	1	
21	37	15	7	0	26	27	0	76	1	1	
21	38	15	7	0	29	26	0	76	1	1	
21	39	15	7	0	25	26	0	76	1	1	
21	40	15	7	109	25	27	10	90	1	1	
21	42	15	7	147	29	3	-17	35	1	1	
21	43	15	7	0	29	27	0	76	1	1	
21	44	15	7	0	29	27	0	76	1	1	
21	45	15	7	0	26	29	0	76	1	1	
21	46	15	7	0	29	29	0	76	1	1	
21	47	15	7	147	9	-3	-2	30	1	1	
21	48	15	7	147	9	2	-1	34	1	1	
21	50	15	7	0	29	27	0	76	1	1	
21	51	15	7	0	29	28	1	49	1	1	
21	52	15	7	145	25	29	0	76	1	1	
21	53	15	7	0	26	30	0	76	1	1	
21	54	15	7	139	9	-3	12	61	1	1	
21	55	15	7	147	9	0	-8	50	1	1	
21	57	15	7	0	25	27	0	76	1	1	
21	58	15	7	0	25	28	0	76	1	1	
21	59	15	7	0	25	29	0	76	1	1	
21	60	15	7	0	25	31	0	76	1	1	
21	61	15	7	0	26	34	-11	176	1	1	
21	65	15	7	0	25	29	0	76	1	1	
21	66	15	7	0	25	31	0	76	1	1	
21	67	15	7	0	25	33	1	49	1	1	
21	68	15	7	0	29	32	49	27	1	1	
21	71	15	7	146	29	63	0	80	1	1	
21	72	15	7	0	25	31	0	76	1	1	
21	73	15	7	0	26	33	0	76	1	1	
21	74	15	7	0	26	34	0	76	1	1	
21	75	15	7	139	9	-3	-2	72	1	1	
21	76	15	7	147	9	-1	-7	31	1	1	
21	78	15	7	143	26	45	-38	40	1	1	
21	79	15	7	0	25	33	0	76	1	1	
21	80	15	7	0	25	33	0	76	1	1	
21	81	15	7	0	25	35	0	76	1	1	
21	82	15	7	143	25	39	23	48	1	1	
21	83	15	7	147	9	0	-2	34	1	1	
21	85	15	7	143	25	32	-36	37	1	1	
21	86	15	7	0	25	35	0	76	1	1	
21	87	15	7	0	25	35	0	76	1	1	
21	88	15	7	0	25	36	0	76	1	1	
21	89	15	7	143	25	37	30	51	1	1	
21	92	15	7	147	29	11	-16	37	1	1	
21	93	15	7	0	26	38	0	76	1	1	
21	94	15	7	145	25	39	0	76	1	1	
21	95	15	7	0	29	25	0	76	1	1	
21	96	15	7	0	29	26	0	76	1	1	
21	99	15	7	147	29	12	-14	35	1	1	
21	100	15	7	0	26	40	0	76	1	1	
21	101	15	7	0	26	42	0	76	1	1	
21	102	15	7	0	29	17	0	76	1	1	
21	103	15	7	0	29	19	0	76	1	1	
22	1	11	10	116	27	106	-2	62	1	1	
22	2	11	10	146	29	54	0	76	1	1	
22	3	11	10	108	29	52	-1	72	1	1	
22	4	11	10	0	27	136	0	76	1	1	
22	5	11	10	0	27	137	0	76	1	1	
22	6	11	10	110	26	53	-11	84	1	1	
22	7	11	10	146	26	53	0	76	1	1	
22	8	11	10	118	27	107	0	72	1	1	
22	10	11	10	143	29	116	-12	46	1	1	
22	11	11	10	0	25	37	0	76	1	1	
22	12	11	10	0	24	52	0	76	1	1	
22	13	11	10	0	24	51	0	76	1	1	
22	14	11	10	0	25	69	22	80	1	1	
22	15	11	10	0	25	70	-11	86	1	1	
22	16	11	10	0	24	52	0	76	1	1	
22	17	11	10	0	24	53	0	76	1	1	
22	18	11	10	0	25	36	0	76	1	1	
22	19	11	10	143	26	103	-5	37	1	1	
22	20	11	10	147	28	96	-4	39	1	1	
22	21	11	10	0	26	18	0	76	1	1	
22	22	11	10	0	26	31	0	76	1	1	
22	23	11	10	0	26	29	0	76	1	1	
22	24	11	10	0	26	59	0	76	1	1	
22	25	11	10	0	26	61	0	76	1	1	
22	26	11	10	0	26	24	0	76	1	1	
22	27	11	10	0	26	23	0	76	1	1	
22	28	11	10	0	26	22	0	76	1	1	
22	29	11	10	147	27	90	-3	39	1	1	
22	30	11	10	146	29	78	1	54	1	1	
22	31	11	10	0	24	29	0	76	1	1	
22	32	11	10	0	24	28	0	76	1	1	
22	33	11	10	0	24	41	0	76	1	1	
22	34	11	10	145	24	51	0	76	1	1	
22	35	11	10	145	24	50	0	76	1	1	
22	36	11	10	0	24	21	0	76	1	1	
22	37	11	10	151	24	91	0	44	1	1	
22	38	11	10	110	24	20	-10	81	1	1	
22	39	11	10	137	26	73	0	72	1	1	
22	40	11	10	147	28	61	-5	29	1	1	
22	41	11	10	0	25	23	0	76	1	1	
22	42	11	10	150	25	89	-1	43	1	1	
22	43	11	10	110	25	37	-3	73	1	1	
22	44	11	10	0	27	43	0	76	1	1	
22	45	11	10	0	27	42	0	76	1	1	
22	46	11	10	0	25	21	0	76	1	1	
22	47	11	10	0	25	25	0	76	1	1	
22	48	11	10	0	25	20	0	76	1	1	
22	49	11	10	147	27	59	3	33	1	1	
22	50	11	10	143	29	47	-22	49	1	1	
22	51	11	10	0	26	28	0	76	1	1	
22	52	11	10	0	26	24	0	76	1	1	
22	53	11	10	0	26	32	0	76	1	1	
22	54	11	10	0	28	34	0	76	1	1	
22	55	11	10	0	28	34	0	76	1	1	
22	56	11	10	0	26	23	0	76	1	1	
22	57	11	10	0	29	32	0	76	1	1	
22	58	11	10	117	26	84	2	50	1	1	
22	59	11	10	116	26	43	1	72	1	1	
22	60	11	10	0	28	29	0	76	1	1	
22	61	11	10	151	27	100	-4	41	1	1	
22	62	11	10	0	24	30	0	76	1	1	
22	63	11	10	0	24	36	0	76	1	1	
22	64	11	10	0	24	25	0	76	1	1	
22	65	11	10	0	24	25	0	76	1	1	
22	66	11	10	149	28	65	2	37	1	1	
22	67	11	10	0	24	36	0	76	1	1	
22	68	11	10	0	24	25	0	76	1	1	
22	69	11	10	143	27	29	4	37	1	1	
22	70	11	10	0	29	15	0	76	1	1	
22	71	11	10	0	25	21	0	76	1	1	
22	72	11	10	0	25	18	0	76	1	1	
22	73	11	10	118	29	54	4	49	1	1	
22	74	11	10	0	29	37	0	76	1	1	
22	75	11	10	0	29	36	0	76	1	1	
22	76	11	10	0	25	40	0	76	1	1	
22	77	11	10	0	25	32	0	76	1	1	
22	78	11	10	0	25	27	0	76	1	1	
22	79	11	10	0	26	13	0	76	1	1	
22	81	11	10	149	28	89	0	43	1	1	
22	82	11	10	0	26	9	0	76	1	1	
22	83	11	10	0	26	32	0	76	1	1	
22	84	11	10	146	26	29	0	76	1	1	
22	85	11	10	145	26	29	0	76	1	1	
22	86	11	10	0	26	25	0	76	1	1	
22	87	11	10	0	26	15	0	76	1	1	
22	88	11	10	150	28	91	3	44	1	1	
22	92	11	10	147	9	-1	-7	37	1	1	
22	93	11	10	0	26	9	0	76	1	1	
22	94	11	10	0	29	9	0	76	1	1	
22	95	11	10	0	26	9	0	76	1	1	
22	96	11	10	0	29	9	0	76	1	1	
22	97	11	10	147	9	-1	2	39	1	1	
22	103	11	10	0	9	0	0	76	1	1	
22	104	11	10	139	9	1	-1	52	1	1	
22	105	11	10	0	9	1	0	76	1	1	
22	106	11	10	0	9	1	0	76	1	1	
23	0	7	6	143	25	41	-24	59	1	1	
23	1	7	6	0	29	41	0	76	1	1	
23	2	7	6	0	29	39	0	76	1	1	
23	3	7	6	149	28	99	0	39	1	1	
23	4	7	6	110	13	19	-5	93	1	1	
23	5	7	6	147	16	2	-6	32	1	1	
23	6	7	6	150	26	58	-3	41	1	1	
23	7	7	6	146	26	55	0	76	1	1	
23	8	7	6	0	29	34	0	76	1	1	
23	9	7	6	0	25	32	0	76	1	1	
23	10	7	6	146	13	14	0	81	1	1	
23	11	7	6	0	15	1	0	76	1	1	
23	12	7	6	145	29	57	6	86	1	1	
23	13	7	6	0	26	55	0	76	1	1	
23	14	7	6	0	25	29	0	76	1	1	
23	15	7	6	0	24	25	-1	50	1	1	
23	16	7	6	0	10	3	0	76	1	1	
23	18	7	6	0	29	72	0	76	1	1	
23	19	7	6	146	26	53	0	76	1	1	
23	20	7	6	0	24	29	0	76	1	1	
23	21	7	6	0	9	14	0	76	1	1	
23	22	7	6	0	9	1	0	76	1	1	
23	24	7	6	145	29	55	0	80	1	1	
23	25	7	6	0	26	52	0	76	1	1	
23	26	7	6	0	26	27	0	76	1	1	
23	27	7	6	0	24	17	0	42	1	1	
23	28	7	6	145	9	-1	0	76	1	1	
23	30	7	6	150	26	53	-2	46	1	1	
23	31	7	6	146	26	54	0	81	1	1	
23	32	7	6	0	25	29	0	76	1	1	
23	33	7	6	0	24	27	0	76	1	1	
23	34	7	6	146	12	11	2	78	1	1	
23	35	7	6	0	16	1	0	76	1	1	
23	36	7	6	143	29	36	-29	41	1	1	
23	37	7	6	0	29	36	0	76	1	1	
23	38	7	6	0	29	32	0	76	1	1	
23	39	7	6	151	28	80	0	43	1	1	
23	40	7	6	110	12	6	-7	82	1	1	
23	41	7	6	147	42	0	-9	31	1	1	
101	4	10	11	122	30	66	3	62	2	2	
101	5	10	11	126	33	62	23	74	2	2	
101	6	10	11	129	33	28	-3	68	2	2	
101	7	10	11	124	33	26	12	71	2	2	
101	8	10	11	125	33	26	12	70	2	2	
101	14	10	11	124	32	62	11	64	2	2	
101	15	10	11	0	33	64	0	76	2	2	
101	16	10	11	0	30	63	0	76	2	2	
101	17	10	11	0	31	45	0	76	2	2	
101	18	10	11	0	33	47	0	76	2	2	
101	19	10	11	0	31	43	0	76	2	2	
101	20	10	11	126	33	41	25	73	2	2	
101	25	10	11	125	33	74	10	54	2	2	
101	26	10	11	0	30	61	0	76	2	2	
101	27	10	11	0	30	62	0	76	2	2	
101	28	10	11	0	31	43	0	76	2	2	
101	29	10	11	0	31	46	0	76	2	2	
101	30	10	11	0	31	41	0	76	2	2	
101	31	10	11	126	33	37	21	70	2	2	
101	35	10	11	123	32	72	0	72	2	2	
101	36	10	11	124	33	73	8	59	2	2	
101	37	10	11	0	30	59	0	76	2	2	
101	38	10	11	0	30	63	0	76	2	2	
101	39	10	11	125	34	61	10	62	2	2	
101	40	10	11	0	31	44	0	76	2	2	
101	41	10	11	0	31	40	0	76	2	2	
101	42	10	11	123	33	36	0	72	2	2	
101	46	10	11	125	31	71	10	64	2	2	
101	47	10	11	123	32	57	0	72	2	2	
101	48	10	11	0	30	58	0	76	2	2	
101	49	10	11	0	30	62	0	76	2	2	
101	50	10	11	124	33	61	14	64	2	2	
101	51	10	11	0	31	43	0	76	2	2	
101	52	10	11	0	33	41	0	76	2	2	
101	53	10	11	124	33	40	7	68	2	2	
101	55	10	11	129	35	83	0	72	2	2	
101	56	10	11	0	35	80	0	76	2	2	
101	57	10	11	0	35	70	0	76	2	2	
101	58	10	11	0	34	56	0	76	2	2	
101	59	10	11	0	31	56	0	76	2	2	
101	60	10	11	0	30	59	0	76	2	2	
101	61	10	11	125	34	58	9	63	2	2	
101	62	10	11	0	31	41	0	76	2	2	
101	63	10	11	0	31	41	0	76	2	2	
101	64	10	11	125	33	39	13	65	2	2	
101	66	10	11	0	35	83	0	76	2	2	
101	67	10	11	0	35	81	0	76	2	2	
101	68	10	11	0	35	71	0	76	2	2	
101	69	10	11	0	31	55	0	76	2	2	
101	70	10	11	0	33	58	0	76	2	2	
101	71	10	11	0	33	58	0	76	2	2	
101	72	10	11	123	34	58	0	72	2	2	
101	73	10	11	122	35	41	-1	61	2	2	
101	74	10	11	0	35	40	0	76	2	2	
101	75	10	11	122	35	41	12	65	2	2	
101	78	10	11	0	35	82	0	76	2	2	
101	79	10	11	0	35	72	0	76	2	2	
101	80	10	11	0	33	54	0	76	2	2	
101	81	10	11	0	33	58	0	76	2	2	
101	82	10	11	123	32	56	5	68	2	2	
101	83	10	11	125	32	57	14	60	2	2	
101	84	10	11	0	35	41	0	76	2	2	
101	85	10	11	0	35	59	25	72	2	2	
101	86	10	11	0	35	43	0	76	2	2	
101	87	10	11	129	36	-1	0	72	2	2	
101	89	10	11	0	35	82	0	76	2	2	
101	90	10	11	0	35	72	0	76	2	2	
101	91	10	11	0	34	56	0	76	2	2	
101	92	10	11	125	34	57	7	59	2	2	
101	95	10	11	122	35	45	8	61	2	2	
101	96	10	11	0	35	43	0	76	2	2	
101	97	10	11	122	35	43	6	60	2	2	
101	102	10	11	123	34	32	6	64	2	2	
101	103	10	11	124	32	55	13	64	2	2	
102	0	12	10	129	30	47	0	72	2	2	
102	1	12	10	129	32	14	0	72	2	2	
102	2	12	10	0	35	14	21	79	2	2	
102	3	12	10	128	34	9	0	72	2	2	
102	6	12	10	126	31	57	24	77	2	2	
102	8	12	10	125	31	14	2	77	2	2	
102	10	12	10	124	30	41	-4	50	2	2	
102	11	12	10	0	35	24	0	76	2	2	
102	12	12	10	0	35	23	3	65	2	2	
102	13	12	10	0	35	24	0	76	2	2	
102	15	12	10	129	31	96	0	72	2	2	
102	16	12	10	129	31	60	0	72	2	2	
102	17	12	10	129	31	17	0	72	2	2	
102	19	12	10	120	31	6	17	71	2	2	
102	20	12	10	123	30	37	-11	77	2	2	
102	21	12	10	0	34	2	0	76	2	2	
102	22	12	10	0	31	13	0	76	2	2	
102	23	12	10	123	31	18	44	79	2	2	
102	24	12	10	125	32	11	2	81	2	2	
102	28	12	10	115	31	21	15	72	2	2	
102	29	12	10	122	31	-1	7	71	2	2	
102	30	12	10	125	30	36	5	91	2	2	
102	31	12	10	0	31	-1	0	76	2	2	
102	32	12	10	0	33	11	11	65	2	2	
102	33	12	10	0	31	21	0	76	2	2	
102	34	12	10	0	30	15	0	76	2	2	
102	35	12	10	0	31	20	0	76	2	2	
102	36	12	10	123	31	30	23	65	2	2	
102	37	12	10	124	31	9	-6	83	2	2	
102	41	12	10	0	31	1	0	76	2	2	
102	42	12	10	0	34	13	0	76	2	2	
102	43	12	10	0	31	27	0	76	2	2	
102	44	12	10	0	30	22	0	76	2	2	
102	45	12	10	0	31	15	0	76	2	2	
102	46	12	10	0	31	24	0	76	2	2	
102	47	12	10	0	33	15	0	76	2	2	
102	48	12	10	128	32	18	5	39	2	2	
102	49	12	10	120	31	41	0	72	2	2	
102	50	12	10	129	30	51	0	72	2	2	
102	51	12	10	129	30	9	2	68	2	2	
102	53	12	10	123	31	7	-19	72	2	2	
102	54	12	10	0	34	23	8	61	2	2	
102	55	12	10	0	34	19	0	76	2	2	
102	56	12	10	0	34	21	0	72	2	2	
102	57	12	10	0	32	17	0	76	2	2	
102	58	12	10	123	34	18	8	48	2	2	
102	60	12	10	127	30	9	0	72	2	2	
102	62	12	10	126	30	11	18	75	2	2	
102	64	12	10	123	32	9	35	61	2	2	
102	65	12	10	124	31	9	-3	70	2	2	
102	66	12	10	125	33	15	-49	73	2	2	
102	67	12	10	0	31	18	0	76	2	2	
102	68	12	10	125	30	20	31	69	2	2	
102	70	12	10	123	30	7	6	49	2	2	
102	71	12	10	124	30	4	-25	52	2	2	
102	73	12	10	122	35	26	0	72	2	2	
102	74	12	10	0	35	28	0	76	2	2	
102	75	12	10	122	35	30	0	72	2	2	
102	76	12	10	0	31	17	0	76	2	2	
102	77	12	10	0	30	22	0	76	2	2	
102	78	12	10	124	31	23	46	95	2	2	
102	81	12	10	120	30	24	29	72	2	2	
102	83	12	10	123	35	26	0	72	2	2	
102	84	12	10	0	35	51	0	76	2	2	
102	85	12	10	0	35	29	0	76	2	2	
102	86	12	10	0	33	25	0	76	2	2	
102	87	12	10	0	31	30	0	72	2	2	
102	88	12	10	129	32	-9	-5	62	2	2	
102	90	12	10	126	30	9	18	72	2	2	
102	91	12	10	125	30	15	24	57	2	2	
102	93	12	10	122	35	26	0	72	2	2	
102	94	12	10	0	35	30	0	76	2	2	
102	95	12	10	122	35	29	0	72	2	2	
102	96	12	10	0	32	19	0	76	2	2	
102	97	12	10	125	34	4	10	49	2	2	
102	98	12	10	123	30	14	-25	50	2	2	
102	100	12	10	122	30	3	4	68	2	2	
102	101	12	10	128	30	9	0	72	2	2	
102	104	12	10	127	31	-11	0	72	2	2	
103	0	10	11	127	36	81	0	72	2	2	
103	1	10	11	125	31	49	0	72	2	2	
103	2	10	11	127	33	105	1	37	2	2	
103	3	10	11	124	31	48	0	72	2	2	
103	4	10	11	127	36	62	0	72	2	2	
103	11	10	11	127	31	38	-3	70	2	2	
103	12	10	11	122	34	38	9	66	2	2	
103	13	10	11	127	31	45	6	72	2	2	
103	14	10	11	125	34	49	0	72	2	2	
103	15	10	11	127	31	22	0	72	2	2	
103	22	10	11	115	31	34	9	72	2	2	
103	23	10	11	126	32	36	19	74	2	2	
103	24	10	11	125	31	21	7	69	2	2	
103	25	10	11	120	32	32	22	72	2	2	
103	26	10	11	124	31	9	13	69	2	2	
103	28	10	11	125	30	49	0	72	2	2	
103	29	10	11	126	35	35	19	80	2	2	
103	30	10	11	122	35	33	15	68	2	2	
103	31	10	11	126	35	33	25	80	2	2	
103	32	10	11	129	36	0	0	67	2	2	
103	33	10	11	123	36	18	0	72	2	2	
103	34	10	11	125	31	37	-3	72	2	2	
103	35	10	11	123	33	36	7	72	2	2	
103	36	10	11	124	31	40	-3	72	2	2	
103	37	10	11	125	36	18	3	72	2	2	
103	39	10	11	120	31	47	0	72	2	2	
103	40	10	11	0	35	32	0	76	2	2	
103	41	10	11	0	35	48	0	76	2	2	
103	42	10	11	0	35	33	0	76	2	2	
103	43	10	11	129	36	-1	0	66	2	2	
103	50	10	11	125	32	51	1	72	2	2	
103	51	10	11	0	35	31	0	76	2	2	
103	52	10	11	0	35	32	0	76	2	2	
103	53	10	11	0	35	31	0	76	2	2	
103	54	10	11	129	36	1	2	63	2	2	
103	55	10	11	127	36	24	0	72	2	2	
103	56	10	11	127	36	23	0	72	2	2	
103	57	10	11	127	36	27	0	72	2	2	
103	58	10	11	125	31	23	0	72	2	2	
103	59	10	11	126	32	25	19	74	2	2	
103	60	10	11	123	32	30	0	72	2	2	
103	61	10	11	124	32	40	0	72	2	2	
103	62	10	11	0	31	24	0	76	2	2	
103	63	10	11	0	32	24	0	76	2	2	
103	64	10	11	127	32	18	0	72	2	2	
103	66	10	11	0	35	18	0	76	2	2	
103	67	10	11	0	35	19	0	76	2	2	
103	68	10	11	0	35	22	0	76	2	2	
103	69	10	11	0	32	32	0	76	2	2	
103	70	10	11	0	31	29	0	76	2	2	
103	71	10	11	0	30	26	0	76	2	2	
103	72	10	11	0	31	30	0	76	2	2	
103	73	10	11	0	32	33	0	76	2	2	
103	74	10	11	0	31	28	0	76	2	2	
103	75	10	11	120	30	14	38	58	2	2	
103	77	10	11	0	35	22	0	76	2	2	
103	78	10	11	0	35	20	0	76	2	2	
103	79	10	11	0	35	28	0	76	2	2	
103	80	10	11	0	33	25	0	76	2	2	
103	81	10	11	125	30	29	0	72	2	2	
103	82	10	11	0	31	22	0	76	2	2	
103	83	10	11	124	30	33	0	72	2	2	
103	84	10	11	0	33	33	0	76	2	2	
103	85	10	11	0	30	29	0	76	2	2	
103	86	10	11	125	31	18	19	63	2	2	
103	88	10	11	0	35	20	0	76	2	2	
103	89	10	11	0	35	22	0	76	2	2	
103	90	10	11	0	35	35	0	76	2	2	
103	91	10	11	0	34	32	0	76	2	2	
103	92	10	11	0	31	22	0	76	2	2	
103	93	10	11	0	30	27	0	76	2	2	
103	94	10	11	0	31	28	0	76	2	2	
103	95	10	11	0	34	26	0	76	2	2	
103	96	10	11	0	31	30	0	76	2	2	
103	97	10	11	123	30	25	0	72	2	2	
103	99	10	11	124	36	9	0	72	2	2	
103	100	10	11	126	36	9	14	79	2	2	
103	101	10	11	124	36	9	0	72	2	2	
103	102	10	11	122	31	20	0	72	2	2	
103	103	10	11	125	34	24	0	72	2	2	
103	104	10	11	123	34	21	0	72	2	2	
103	105	10	11	122	34	25	0	72	2	2	
103	106	10	11	123	31	21	0	72	2	2	
103	107	10	11	125	34	19	0	72	2	2	
104	6	10	11	122	31	24	7	63	2	2	
104	9	10	11	127	33	9	0	72	2	2	
104	10	10	11	128	32	9	0	72	2	2	
104	16	10	11	127	32	25	0	72	2	2	
104	17	10	11	125	33	19	6	65	2	2	
104	18	10	11	124	32	20	0	72	2	2	
104	20	10	11	129	34	9	0	72	2	2	
104	21	10	11	122	30	9	0	72	2	2	
104	26	10	11	0	33	23	0	76	2	2	
104	27	10	11	0	33	17	0	76	2	2	
104	28	10	11	0	31	21	0	76	2	2	
104	29	10	11	0	30	17	0	76	2	2	
104	30	10	11	0	32	19	0	76	2	2	
104	36	10	11	0	31	13	0	76	2	2	
104	37	10	11	0	32	15	0	76	2	2	
104	38	10	11	0	31	19	0	76	2	2	
104	39	10	11	0	33	20	0	76	2	2	
104	40	10	11	0	33	19	0	76	2	2	
104	41	10	11	0	34	21	0	76	2	2	
104	42	10	11	122	31	9	9	61	2	2	
104	44	10	11	129	36	62	0	72	2	2	
104	45	10	11	129	35	22	0	72	2	2	
104	46	10	11	0	35	24	0	76	2	2	
104	47	10	11	0	32	15	0	76	2	2	
104	48	10	11	0	30	10	0	76	2	2	
104	49	10	11	128	36	9	2	54	2	2	
104	50	10	11	125	36	9	0	72	2	2	
104	51	10	11	124	36	9	0	72	2	2	
104	52	10	11	0	35	30	0	76	2	2	
104	53	10	11	0	35	32	0	76	2	2	
104	54	10	11	0	35	30	0	76	2	2	
104	55	10	11	129	36	64	0	72	2	2	
104	56	10	11	129	35	25	0	72	2	2	
104	57	10	11	0	35	19	0	76	2	2	
104	58	10	11	0	34	10	0	76	2	2	
104	59	10	11	0	30	14	0	76	2	2	
104	60	10	11	128	36	9	3	58	2	2	
104	61	10	11	123	36	9	0	72	2	2	
104	62	10	11	125	36	9	0	72	2	2	
104	63	10	11	0	35	33	0	76	2	2	
104	64	10	11	0	35	32	0	76	2	2	
104	65	10	11	0	35	31	0	76	2	2	
104	69	10	11	0	31	21	0	76	2	2	
104	70	10	11	0	30	5	0	76	2	2	
104	71	10	11	0	31	19	0	76	2	2	
104	72	10	11	0	32	24	0	76	2	2	
104	73	10	11	0	32	22	0	76	2	2	
104	74	10	11	0	33	29	0	76	2	2	
104	75	10	11	122	31	9	7	59	2	2	
104	81	10	11	0	34	21	0	76	2	2	
104	82	10	11	0	33	26	0	76	2	2	
104	83	10	11	0	31	14	0	76	2	2	
104	84	10	11	0	33	22	0	76	2	2	
104	85	10	11	0	34	22	0	76	2	2	
104	93	10	11	125	34	15	5	72	2	2	
104	94	10	11	125	30	9	0	72	2	2	
104	95	10	11	126	34	23	19	70	2	2	
104	97	10	11	129	32	9	1	71	2	2	
104	98	10	11	127	30	9	-1	72	2	2	
104	105	10	11	123	31	19	0	72	2	2	
104	108	10	11	122	33	9	6	61	2	2	
104	109	10	11	128	34	8	3	61	2	2	
105	2	11	10	122	36	9	0	72	2	2	
105	3	11	10	129	34	9	0	72	2	2	
105	4	11	10	123	30	10	17	72	2	2	
105	5	11	10	125	33	9	0	72	2	2	
105	6	11	10	124	32	9	0	72	2	2	
105	7	11	10	120	36	7	51	84	2	2	
105	12	11	10	0	33	22	0	76	2	2	
105	13	11	10	0	32	14	0	76	2	2	
105	14	11	10	0	32	9	0	76	2	2	
105	15	11	10	0	34	9	0	76	2	2	
105	16	11	10	0	33	9	0	76	2	2	
105	17	11	10	0	32	9	0	76	2	2	
105	21	11	10	125	30	24	10	62	2	2	
105	22	11	10	0	34	23	0	76	2	2	
105	23	11	10	0	31	26	0	76	2	2	
105	24	11	10	0	31	13	16	70	2	2	
105	25	11	10	0	33	14	4	59	2	2	
105	26	11	10	0	30	9	0	76	2	2	
105	27	11	10	0	34	9	0	76	2	2	
105	28	11	10	0	31	9	0	76	2	2	
105	31	11	10	123	32	22	0	72	2	2	
105	32	11	10	0	33	20	0	76	2	2	
105	33	11	10	0	32	23	0	76	2	2	
105	34	11	10	127	36	-9	0	72	2	2	
105	35	11	10	126	36	-4	18	78	2	2	
105	36	11	10	125	33	9	0	72	2	2	
105	37	11	10	0	32	9	0	76	2	2	
105	38	11	10	0	33	10	0	76	2	2	
105	41	11	10	125	33	19	0	72	2	2	
105	42	11	10	0	34	20	0	76	2	2	
105	43	11	10	0	32	18	0	76	2	2	
105	46	11	10	123	32	9	0	72	2	2	
105	47	11	10	0	30	9	0	76	2	2	
105	48	11	10	0	34	9	0	76	2	2	
105	51	11	10	124	32	25	7	65	2	2	
105	52	11	10	0	34	20	0	76	2	2	
105	53	11	10	0	33	23	0	76	2	2	
105	56	11	10	124	31	9	0	72	2	2	
105	57	11	10	0	34	9	0	76	2	2	
105	58	11	10	0	32	9	0	76	2	2	
105	61	11	10	0	33	22	0	76	2	2	
105	62	11	10	0	31	24	0	76	2	2	
105	63	11	10	0	30	22	0	72	2	2	
105	66	11	10	122	34	9	0	72	2	2	
105	67	11	10	0	33	9	0	76	2	2	
105	68	11	10	0	32	9	0	76	2	2	
105	70	11	10	127	36	64	0	72	2	2	
105	71	11	10	0	34	24	0	72	2	2	
105	72	11	10	0	34	27	0	76	2	2	
105	77	11	10	0	35	33	0	76	2	2	
105	78	11	10	0	35	35	0	76	2	2	
105	79	11	10	122	35	35	19	72	2	2	
105	80	11	10	0	35	55	0	76	2	2	
105	81	11	10	0	35	24	0	76	2	2	
105	82	11	10	0	35	25	0	76	2	2	
105	87	11	10	0	35	33	0	76	2	2	
105	88	11	10	0	35	20	0	76	2	2	
105	89	11	10	0	35	32	0	72	2	2	
105	90	11	10	0	35	44	0	76	2	2	
105	91	11	10	0	35	27	0	76	2	2	
105	92	11	10	0	35	25	0	76	2	2	
105	94	11	10	129	32	16	0	72	2	2	
105	95	11	10	127	30	28	0	72	2	2	
105	97	11	10	120	35	32	-32	59	2	2	
105	98	11	10	0	35	29	0	76	2	2	
105	99	11	10	120	35	31	30	42	2	2	
105	100	11	10	0	35	31	0	76	2	2	
105	101	11	10	0	35	30	0	76	2	2	
105	102	11	10	0	35	28	0	76	2	2	
105	104	11	10	122	33	9	10	66	2	2	
105	105	11	10	128	34	14	9	62	2	2	
105	107	11	10	127	36	-5	0	72	2	2	
105	108	11	10	127	36	-10	0	72	2	2	
105	109	11	10	127	36	2	1	59	2	2	
106	0	11	10	127	36	94	-1	63	2	2	
106	1	11	10	0	35	25	0	76	2	2	
106	2	11	10	120	35	26	35	61	2	2	
106	3	11	10	122	35	25	0	72	2	2	
106	4	11	10	120	31	9	-19	87	2	2	
106	5	11	10	0	33	9	0	76	2	2	
106	6	11	10	0	36	9	0	76	2	2	
106	7	11	10	0	32	9	0	76	2	2	
106	10	11	10	127	36	51	0	72	2	2	
106	11	11	10	0	35	19	0	76	2	2	
106	12	11	10	0	35	17	0	76	2	2	
106	13	11	10	0	35	26	0	76	2	2	
106	14	11	10	0	33	9	0	76	2	2	
106	15	11	10	0	32	9	0	76	2	2	
106	16	11	10	0	33	9	0	76	2	2	
106	17	11	10	0	33	9	0	76	2	2	
106	18	11	10	0	32	9	0	76	2	2	
106	20	11	10	127	36	10	0	72	2	2	
106	21	11	10	0	35	14	0	76	2	2	
106	22	11	10	0	35	17	0	76	2	2	
106	23	11	10	0	35	18	0	76	2	2	
106	24	11	10	124	34	13	21	43	2	2	
106	25	11	10	123	33	13	-19	46	2	2	
106	26	11	10	123	34	8	13	46	2	2	
106	27	11	10	125	34	11	0	47	2	2	
106	28	11	10	0	33	9	0	76	2	2	
106	29	11	10	0	30	9	0	76	2	2	
106	37	11	10	122	31	9	0	72	2	2	
106	38	11	10	0	32	9	0	76	2	2	
106	39	11	10	0	34	9	0	76	2	2	
106	41	11	10	125	32	9	0	72	2	2	
106	42	11	10	120	35	27	11	73	2	2	
106	43	11	10	122	35	31	0	72	2	2	
106	44	11	10	126	35	28	14	73	2	2	
106	45	11	10	129	36	-5	0	72	2	2	
106	47	11	10	129	36	9	0	72	2	2	
106	48	11	10	0	33	9	0	76	2	2	
106	49	11	10	0	30	9	0	76	2	2	
106	50	11	10	128	30	18	0	72	2	2	
106	51	11	10	0	33	4	0	76	2	2	
106	52	11	10	0	35	23	0	76	2	2	
106	53	11	10	0	35	46	0	76	2	2	
106	54	11	10	122	35	29	7	72	2	2	
106	55	11	10	129	36	-5	0	72	2	2	
106	57	11	10	125	30	9	0	72	2	2	
106	58	11	10	0	33	9	0	72	2	2	
106	59	11	10	0	30	9	0	76	2	2	
106	60	11	10	123	34	26	-14	60	2	2	
106	61	11	10	0	31	14	0	76	2	2	
106	62	11	10	0	35	21	0	76	2	2	
106	63	11	10	0	35	25	0	72	2	2	
106	64	11	10	0	35	28	0	76	2	2	
106	65	11	10	129	36	-8	0	72	2	2	
106	67	11	10	126	34	9	0	72	2	2	
106	68	11	10	0	33	9	0	76	2	2	
106	69	11	10	0	33	9	0	76	2	2	
106	70	11	10	125	32	19	7	77	2	2	
106	71	11	10	0	34	13	0	76	2	2	
106	72	11	10	0	32	17	0	76	2	2	
106	77	11	10	125	32	9	0	72	2	2	
106	78	11	10	0	34	9	0	76	2	2	
106	79	11	10	0	30	9	0	76	2	2	
106	80	11	10	122	30	25	0	72	2	2	
106	81	11	10	0	30	9	0	76	2	2	
106	82	11	10	0	30	11	0	76	2	2	
106	83	11	10	0	32	15	0	76	2	2	
106	84	11	10	0	32	18	0	76	2	2	
106	85	11	10	0	36	9	0	76	2	2	
106	86	11	10	0	32	16	0	76	2	2	
106	87	11	10	0	33	9	0	76	2	2	
106	88	11	10	0	30	9	0	76	2	2	
106	89	11	10	0	34	9	0	76	2	2	
106	90	11	10	123	31	15	6	86	2	2	
106	91	11	10	0	32	21	0	76	2	2	
106	92	11	10	0	34	9	0	76	2	2	
106	93	11	10	0	34	9	0	76	2	2	
106	94	11	10	0	31	9	0	76	2	2	
106	95	11	10	0	33	9	0	76	2	2	
106	96	11	10	0	33	9	0	76	2	2	
106	97	11	10	0	33	9	0	76	2	2	
106	98	11	10	0	30	9	0	76	2	2	
106	99	11	10	0	31	9	0	76	2	2	
106	102	11	10	127	36	13	0	72	2	2	
106	103	11	10	125	32	12	-16	61	2	2	
106	104	11	10	123	34	17	7	45	2	2	
106	105	11	10	124	34	13	-20	58	2	2	
106	106	11	10	126	31	3	11	70	2	2	
106	107	11	10	124	34	16	29	44	2	2	
106	108	11	10	125	34	1	-13	66	2	2	
107	0	10	11	0	35	25	0	76	2	2	
107	1	10	11	0	35	23	0	76	2	2	
107	2	10	11	125	33	33	28	68	2	2	
107	8	10	11	0	32	27	0	76	2	2	
107	9	10	11	0	35	28	0	76	2	2	
107	10	10	11	0	35	28	0	76	2	2	
107	12	10	11	0	35	14	0	76	2	2	
107	13	10	11	0	31	17	0	76	2	2	
107	14	10	11	0	32	20	0	76	2	2	
107	18	10	11	0	32	27	0	76	2	2	
107	19	10	11	0	33	21	0	76	2	2	
107	20	10	11	0	35	16	0	76	2	2	
107	24	10	11	0	32	12	0	76	2	2	
107	25	10	11	0	34	12	0	76	2	2	
107	26	10	11	0	30	18	0	76	2	2	
107	28	10	11	0	30	23	0	76	2	2	
107	29	10	11	0	34	16	0	76	2	2	
107	30	10	11	122	31	8	10	51	2	2	
107	36	10	11	0	30	3	0	76	2	2	
107	37	10	11	0	34	9	0	76	2	2	
107	38	10	11	0	33	18	0	72	2	2	
107	39	10	11	0	32	9	0	76	2	2	
107	40	10	11	0	30	10	0	76	2	2	
107	44	10	11	127	31	9	0	72	2	2	
107	48	10	11	0	31	1	0	76	2	2	
107	49	10	11	0	31	12	0	76	2	2	
107	50	10	11	0	31	-3	0	76	2	2	
107	53	10	11	129	32	11	1	68	2	2	
107	54	10	11	126	33	9	16	72	2	2	
107	55	10	11	124	34	9	-4	55	2	2	
107	56	10	11	122	30	9	4	55	2	2	
107	58	10	11	0	33	9	0	76	2	2	
107	59	10	11	0	34	2	0	76	2	2	
107	60	10	11	0	33	6	0	76	2	2	
107	61	10	11	0	32	3	0	76	2	2	
107	62	10	11	0	33	3	0	76	2	2	
107	64	10	11	129	31	3	0	72	2	2	
107	69	10	11	0	31	16	0	76	2	2	
107	70	10	11	0	32	-2	0	76	2	2	
107	71	10	11	0	34	9	0	76	2	2	
107	72	10	11	0	34	-3	0	76	2	2	
107	73	10	11	0	33	-3	0	76	2	2	
107	79	10	11	123	30	15	0	72	2	2	
107	80	10	11	0	34	9	0	76	2	2	
107	81	10	11	126	35	11	17	73	2	2	
107	82	10	11	0	35	9	0	76	2	2	
107	83	10	11	126	35	9	15	72	2	2	
107	84	10	11	0	34	-3	0	76	2	2	
107	85	10	11	125	31	-1	21	69	2	2	
107	89	10	11	125	34	17	6	77	2	2	
107	90	10	11	0	32	4	0	76	2	2	
107	91	10	11	0	33	1	0	76	2	2	
107	92	10	11	0	35	9	0	76	2	2	
107	93	10	11	0	35	24	0	76	2	2	
107	94	10	11	0	35	9	0	76	2	2	
107	95	10	11	0	32	1	0	76	2	2	
107	96	10	11	0	34	-4	0	76	2	2	
107	97	10	11	124	33	1	16	66	2	2	
107	99	10	11	128	31	-32	5	64	2	2	
107	100	10	11	0	34	9	0	76	2	2	
107	101	10	11	0	31	-3	0	76	2	2	
107	102	10	11	0	32	20	0	76	2	2	
107	103	10	11	0	35	9	0	76	2	2	
107	104	10	11	126	35	9	10	72	2	2	
107	105	10	11	0	35	9	0	76	2	2	
107	106	10	11	0	31	4	0	76	2	2	
107	107	10	11	0	32	1	0	72	2	2	
107	108	10	11	0	34	-3	0	76	2	2	
107	109	10	11	129	31	-34	0	72	2	2	
108	0	10	11	127	36	9	0	72	2	2	
108	1	10	11	0	35	9	0	76	2	2	
108	2	10	11	0	35	9	0	76	2	2	
108	3	10	11	0	32	9	0	76	2	2	
108	4	10	11	0	34	9	0	76	2	2	
108	5	10	11	0	31	9	0	76	2	2	
108	6	10	11	0	30	9	0	76	2	2	
108	7	10	11	0	32	9	0	76	2	2	
108	8	10	11	0	34	9	0	76	2	2	
108	9	10	11	0	32	9	0	76	2	2	
108	10	10	11	124	32	9	17	68	2	2	
108	11	10	11	0	35	9	0	76	2	2	
108	12	10	11	0	35	9	0	76	2	2	
108	13	10	11	0	35	9	0	76	2	2	
108	14	10	11	0	32	9	0	76	2	2	
108	15	10	11	0	33	9	0	76	2	2	
108	16	10	11	0	32	9	0	76	2	2	
108	17	10	11	122	34	9	-3	60	2	2	
108	18	10	11	0	33	9	0	76	2	2	
108	19	10	11	0	31	9	0	76	2	2	
108	20	10	11	0	34	9	0	76	2	2	
108	21	10	11	0	30	9	0	76	2	2	
108	22	10	11	129	36	4	-1	70	2	2	
108	23	10	11	0	35	9	0	76	2	2	
108	24	10	11	0	35	9	0	76	2	2	
108	25	10	11	128	34	10	9	65	2	2	
108	31	10	11	0	31	9	0	76	2	2	
108	32	10	11	0	34	9	0	76	2	2	
108	35	10	11	0	34	9	0	76	2	2	
108	36	10	11	0	33	9	0	76	2	2	
108	37	10	11	126	32	16	20	72	2	2	
108	42	10	11	0	33	9	0	76	2	2	
108	43	10	11	0	32	9	0	76	2	2	
108	46	10	11	0	32	9	0	76	2	2	
108	47	10	11	0	34	9	0	76	2	2	
108	48	10	11	0	31	9	0	76	2	2	
108	49	10	11	124	32	9	25	71	2	2	
108	53	10	11	122	33	9	0	72	2	2	
108	54	10	11	0	34	9	0	76	2	2	
108	58	10	11	0	34	9	0	76	2	2	
108	59	10	11	0	33	9	0	76	2	2	
108	60	10	11	0	30	9	0	76	2	2	
108	61	10	11	123	32	9	17	66	2	2	
108	64	10	11	0	32	9	0	76	2	2	
108	65	10	11	0	33	9	0	76	2	2	
108	66	10	11	124	34	14	-8	60	2	2	
108	67	10	11	128	32	3	5	60	2	2	
108	70	10	11	0	32	9	0	76	2	2	
108	71	10	11	0	34	9	0	76	2	2	
108	72	10	11	0	30	9	0	76	2	2	
108	73	10	11	125	34	9	9	80	2	2	
108	75	10	11	0	34	9	0	76	2	2	
108	76	10	11	0	31	9	0	76	2	2	
108	77	10	11	123	32	9	0	72	2	2	
108	79	10	11	126	33	9	18	68	2	2	
108	82	10	11	0	34	9	0	76	2	2	
108	83	10	11	0	31	9	0	76	2	2	
108	84	10	11	0	34	9	0	76	2	2	
108	85	10	11	0	35	9	0	76	2	2	
108	86	10	11	0	35	9	0	76	2	2	
108	87	10	11	0	35	9	0	76	2	2	
108	88	10	11	125	33	12	16	45	2	2	
108	89	10	11	124	32	9	-14	63	2	2	
108	91	10	11	127	34	9	0	72	2	2	
108	94	10	11	0	34	9	-8	57	2	2	
108	95	10	11	0	32	9	0	76	2	2	
108	96	10	11	0	35	9	0	76	2	2	
108	97	10	11	0	35	9	0	76	2	2	
108	98	10	11	0	35	9	0	76	2	2	
108	99	10	11	129	32	11	1	66	2	2	
108	100	10	11	123	34	9	7	47	2	2	
108	101	10	11	125	33	9	-15	46	2	2	
108	102	10	11	125	32	11	16	46	2	2	
108	107	10	11	122	35	9	-4	54	2	2	
108	108	10	11	0	35	9	0	76	2	2	
108	109	10	11	120	35	7	25	42	2	2	
109	0	10	11	122	34	26	-4	61	2	2	
109	1	10	11	0	30	25	0	76	2	2	
109	2	10	11	0	32	21	0	76	2	2	
109	3	10	11	0	30	15	0	76	2	2	
109	4	10	11	0	34	7	0	76	2	2	
109	5	10	11	0	32	1	0	76	2	2	
109	6	10	11	0	34	16	0	76	2	2	
109	7	10	11	0	31	12	0	76	2	2	
109	8	10	11	0	32	1	0	76	2	2	
109	9	10	11	125	32	1	23	54	2	2	
109	10	10	11	123	34	8	-13	59	2	2	
109	11	10	11	0	33	28	0	76	2	2	
109	12	10	11	0	32	23	0	76	2	2	
109	13	10	11	0	31	27	0	76	2	2	
109	14	10	11	0	32	5	0	76	2	2	
109	15	10	11	0	32	18	0	76	2	2	
109	16	10	11	0	34	12	0	76	2	2	
109	17	10	11	0	32	7	0	76	2	2	
109	18	10	11	0	34	-3	0	76	2	2	
109	19	10	11	0	33	-7	0	76	2	2	
109	20	10	11	0	30	15	0	76	2	2	
109	21	10	11	124	32	4	-2	81	2	2	
109	22	10	11	0	32	30	0	76	2	2	
109	23	10	11	0	34	15	0	76	2	2	
109	24	10	11	123	32	21	10	52	2	2	
109	25	10	11	125	34	13	-12	56	2	2	
109	30	10	11	0	34	-2	0	76	2	2	
109	31	10	11	0	32	-5	0	76	2	2	
109	32	10	11	0	34	9	0	76	2	2	
109	33	10	11	0	31	18	0	76	2	2	
109	34	10	11	0	32	12	0	76	2	2	
109	35	10	11	0	33	23	0	76	2	2	
109	38	10	11	123	30	5	16	61	2	2	
109	39	10	11	124	32	9	-3	63	2	2	
109	42	10	11	0	31	16	0	76	2	2	
109	43	10	11	0	30	18	0	76	2	2	
109	44	10	11	124	34	20	0	63	2	2	
109	45	10	11	0	32	28	0	76	2	2	
109	46	10	11	0	34	20	0	76	2	2	
109	48	10	11	129	33	8	1	69	2	2	
109	49	10	11	125	31	9	40	46	2	2	
109	50	10	11	123	30	9	-10	72	2	2	
109	53	10	11	0	33	2	0	76	2	2	
109	54	10	11	0	31	19	0	76	2	2	
109	55	10	11	126	32	24	18	87	2	2	
109	56	10	11	0	32	13	0	76	2	2	
109	57	10	11	0	34	24	0	76	2	2	
109	60	10	11	126	30	8	3	61	2	2	
109	61	10	11	124	34	9	1	81	2	2	
109	64	10	11	0	32	24	0	76	2	2	
109	65	10	11	0	34	21	0	76	2	2	
109	66	10	11	129	30	17	-3	61	2	2	
109	67	10	11	0	33	21	0	76	2	2	
109	68	10	11	0	30	17	0	76	2	2	
109	74	10	11	0	30	-3	0	76	2	2	
109	75	10	11	0	30	10	0	76	2	2	
109	76	10	11	0	31	10	0	76	2	2	
109	78	10	11	0	35	12	0	76	2	2	
109	79	10	11	0	35	19	0	76	2	2	
109	80	10	11	0	35	23	0	76	2	2	
109	82	10	11	0	35	9	0	76	2	2	
109	83	10	11	0	35	9	0	76	2	2	
109	84	10	11	0	35	9	0	76	2	2	
109	85	10	11	0	32	8	0	76	2	2	
109	86	10	11	0	34	-2	0	76	2	2	
109	87	10	11	122	34	1	7	51	2	2	
109	89	10	11	0	35	20	0	76	2	2	
109	90	10	11	0	35	15	0	76	2	2	
109	91	10	11	0	35	19	0	76	2	2	
109	93	10	11	0	35	9	0	76	2	2	
109	94	10	11	0	35	33	0	76	2	2	
109	95	10	11	0	35	9	0	76	2	2	
109	96	10	11	0	32	24	0	76	2	2	
109	97	10	11	0	33	15	0	76	2	2	
109	100	10	11	129	36	6	-4	63	2	2	
109	101	10	11	0	35	2	0	76	2	2	
109	102	10	11	128	36	1	5	58	2	2	
109	104	10	11	0	35	9	0	76	2	2	
109	105	10	11	0	35	9	0	76	2	2	
109	106	10	11	0	35	9	0	76	2	2	
109	107	10	11	0	34	6	0	76	2	2	
109	108	10	11	126	34	12	20	64	2	2	
110	1	10	11	125	33	21	29	79	2	2	
110	2	10	11	123	34	22	-17	87	2	2	
110	3	10	11	0	30	17	0	76	2	2	
110	4	10	11	0	32	11	0	76	2	2	
110	5	10	11	0	32	6	0	76	2	2	
110	6	10	11	0	34	6	0	76	2	2	
110	7	10	11	0	34	5	0	76	2	2	
110	8	10	11	123	34	23	24	78	2	2	
110	9	10	11	124	34	21	5	83	2	2	
110	11	10	11	122	34	25	7	61	2	2	
110	12	10	11	0	31	13	0	76	2	2	
110	13	10	11	0	32	17	0	76	2	2	
110	14	10	11	0	34	21	0	76	2	2	
110	15	10	11	0	33	12	0	76	2	2	
110	16	10	11	126	30	21	9	55	2	2	
110	17	10	11	0	33	3	0	76	2	2	
110	18	10	11	0	32	1	0	76	2	2	
110	19	10	11	0	32	11	0	76	2	2	
110	20	10	11	0	32	5	0	76	2	2	
110	21	10	11	122	34	29	9	62	2	2	
110	22	10	11	0	30	9	0	76	2	2	
110	23	10	11	0	33	21	0	76	2	2	
110	24	10	11	0	30	21	0	76	2	2	
110	25	10	11	123	33	35	16	64	2	2	
110	29	10	11	125	33	27	-3	71	2	2	
110	30	10	11	0	33	8	0	76	2	2	
110	31	10	11	0	30	-3	0	76	2	2	
110	32	10	11	0	33	17	0	76	2	2	
110	33	10	11	0	32	10	0	76	2	2	
110	34	10	11	0	33	14	0	76	2	2	
110	35	10	11	0	34	14	2	51	2	2	
110	36	10	11	0	34	18	0	76	2	2	
110	37	10	11	0	35	9	0	76	2	2	
110	38	10	11	0	35	9	0	76	2	2	
110	39	10	11	0	35	9	0	76	2	2	
110	40	10	11	0	34	9	0	76	2	2	
110	41	10	11	0	31	6	-4	57	2	2	
110	42	10	11	0	34	14	0	76	2	2	
110	43	10	11	0	32	9	0	76	2	2	
110	44	10	11	0	34	15	0	76	2	2	
110	45	10	11	0	33	15	0	76	2	2	
110	47	10	11	0	31	3	0	76	2	2	
110	48	10	11	0	35	9	0	76	2	2	
110	49	10	11	0	35	30	0	76	2	2	
110	50	10	11	0	35	9	0	76	2	2	
110	51	10	11	0	33	9	0	76	2	2	
110	53	10	11	0	30	14	0	76	2	2	
110	54	10	11	0	33	11	0	76	2	2	
110	55	10	11	0	31	17	0	76	2	2	
110	56	10	11	0	34	18	0	76	2	2	
110	59	10	11	0	35	9	0	76	2	2	
110	60	10	11	0	35	9	0	76	2	2	
110	61	10	11	0	35	9	0	76	2	2	
110	64	10	11	0	32	5	0	76	2	2	
110	65	10	11	0	34	6	0	76	2	2	
110	66	10	11	0	32	27	0	76	2	2	
110	67	10	11	0	33	18	0	76	2	2	
110	68	10	11	124	32	3	21	72	2	2	
110	69	10	11	127	34	27	0	72	2	2	
110	73	10	11	127	34	23	0	72	2	2	
110	74	10	11	125	34	9	1	82	2	2	
110	75	10	11	0	31	5	0	76	2	2	
110	76	10	11	0	33	-3	0	76	2	2	
110	77	10	11	0	33	18	0	76	2	2	
110	78	10	11	0	34	16	0	76	2	2	
110	79	10	11	0	33	21	0	76	2	2	
110	80	10	11	0	32	20	0	76	2	2	
110	81	10	11	128	36	18	4	69	2	2	
110	82	10	11	126	36	20	17	78	2	2	
110	83	10	11	129	36	21	0	72	2	2	
110	84	10	11	0	32	18	0	76	2	2	
110	85	10	11	0	32	3	0	76	2	2	
110	86	10	11	0	32	9	0	76	2	2	
110	87	10	11	0	34	8	0	76	2	2	
110	88	10	11	0	34	16	0	76	2	2	
110	89	10	11	0	31	9	0	76	2	2	
110	90	10	11	0	33	21	0	76	2	2	
110	91	10	11	0	30	14	0	76	2	2	
110	92	10	11	0	35	23	0	76	2	2	
110	93	10	11	0	35	17	0	76	2	2	
110	94	10	11	0	35	18	0	76	2	2	
110	95	10	11	0	30	9	0	76	2	2	
110	96	10	11	0	33	22	0	76	2	2	
110	97	10	11	0	30	8	0	76	2	2	
110	98	10	11	0	33	1	0	76	2	2	
110	100	10	11	129	36	24	0	71	2	2	
110	101	10	11	0	34	21	0	76	2	2	
110	102	10	11	0	32	15	0	76	2	2	
110	103	10	11	0	35	10	-1	61	2	2	
110	104	10	11	0	35	5	13	72	2	2	
110	105	10	11	0	35	10	0	70	2	2	
110	106	10	11	0	32	21	0	76	2	2	
110	107	10	11	0	34	13	0	76	2	2	
110	108	10	11	128	36	9	9	57	2	2	
111	0	10	11	0	35	48	0	76	2	2	
111	1	10	11	0	35	32	0	76	2	2	
111	2	10	11	0	35	29	0	76	2	2	
111	3	10	11	0	32	24	0	76	2	2	
111	4	10	11	126	34	32	14	72	2	2	
111	5	10	11	122	32	38	7	68	2	2	
111	6	10	11	126	30	22	14	77	2	2	
111	7	10	11	0	32	20	0	76	2	2	
111	8	10	11	0	33	22	0	76	2	2	
111	9	10	11	0	32	10	0	76	2	2	
111	10	10	11	129	36	-33	0	72	2	2	
111	12	10	11	0	35	33	0	76	2	2	
111	13	10	11	0	35	29	0	76	2	2	
111	14	10	11	0	33	18	0	76	2	2	
111	15	10	11	0	32	13	0	76	2	2	
111	16	10	11	0	34	17	0	76	2	2	
111	17	10	11	0	31	19	0	76	2	2	
111	18	10	11	0	33	16	0	76	2	2	
111	19	10	11	0	32	8	0	76	2	2	
111	20	10	11	0	34	2	0	76	2	2	
111	25	10	11	0	31	20	0	76	2	2	
111	26	10	11	0	34	12	0	76	2	2	
111	27	10	11	0	33	21	0	76	2	2	
111	28	10	11	0	32	13	0	76	2	2	
111	29	10	11	0	34	9	0	76	2	2	
111	33	10	11	129	31	30	0	66	2	2	
111	34	10	11	123	31	9	12	57	2	2	
111	37	10	11	0	32	11	0	76	2	2	
111	38	10	11	0	34	6	0	76	2	2	
111	39	10	11	0	30	3	0	76	2	2	
111	42	10	11	123	30	9	-14	70	2	2	
111	43	10	11	128	33	26	7	53	2	2	
111	45	10	11	124	31	-1	32	72	2	2	
111	46	10	11	125	31	5	-18	59	2	2	
111	49	10	11	0	33	9	0	76	2	2	
111	52	10	11	127	30	34	-3	60	2	2	
111	53	10	11	125	33	10	26	87	2	2	
111	57	10	11	122	31	19	10	59	2	2	
111	58	10	11	126	31	15	21	70	2	2	
111	60	10	11	0	30	9	0	76	2	2	
111	62	10	11	129	30	33	-2	64	2	2	
111	63	10	11	126	33	11	17	73	2	2	
111	66	10	11	127	36	27	0	72	2	2	
111	71	10	11	0	33	9	0	76	2	2	
111	76	10	11	129	36	-26	-2	78	2	2	
111	77	10	11	0	35	18	0	76	2	2	
111	78	10	11	0	35	18	0	76	2	2	
111	81	10	11	0	33	18	0	76	2	2	
111	82	10	11	0	32	15	0	76	2	2	
111	83	10	11	0	32	17	0	76	2	2	
111	86	10	11	127	36	16	0	72	2	2	
111	87	10	11	0	35	17	0	76	2	2	
111	88	10	11	129	36	29	-3	60	2	2	
111	89	10	11	0	35	18	0	76	2	2	
111	90	10	11	0	30	15	0	76	2	2	
111	91	10	11	0	32	17	0	76	2	2	
111	92	10	11	0	34	6	0	76	2	2	
111	93	10	11	0	33	22	0	76	2	2	
111	94	10	11	0	30	17	0	76	2	2	
111	95	10	11	0	30	4	0	76	2	2	
111	96	10	11	0	33	9	0	76	2	2	
111	97	10	11	0	35	17	0	76	2	2	
111	98	10	11	0	35	9	4	58	2	2	
111	99	10	11	129	36	25	-2	68	2	2	
111	100	10	11	0	35	20	0	76	2	2	
111	101	10	11	0	31	18	0	76	2	2	
111	102	10	11	0	33	8	0	76	2	2	
111	103	10	11	0	30	11	0	76	2	2	
111	104	10	11	122	32	9	5	57	2	2	
111	105	10	11	0	34	4	0	76	2	2	
111	106	10	11	0	34	11	0	76	2	2	
111	107	10	11	0	32	1	0	76	2	2	
111	108	10	11	0	35	9	0	76	2	2	
111	109	10	11	0	35	13	7	63	2	2	
112	4	10	11	122	35	34	5	61	2	2	
112	5	10	11	0	35	9	0	76	2	2	
112	6	10	11	122	35	29	3	60	2	2	
112	13	10	11	0	32	18	0	76	2	2	
112	14	10	11	0	33	17	0	76	2	2	
112	15	10	11	0	35	10	0	76	2	2	
112	16	10	11	0	35	27	0	76	2	2	
112	17	10	11	0	35	9	0	76	2	2	
112	18	10	11	0	33	17	0	76	2	2	
112	19	10	11	0	32	16	0	76	2	2	
112	23	10	11	123	32	17	-25	54	2	2	
112	24	10	11	0	33	9	0	76	2	2	
112	25	10	11	0	32	9	0	76	2	2	
112	26	10	11	0	35	23	0	76	2	2	
112	27	10	11	0	35	9	0	76	2	2	
112	28	10	11	0	35	20	0	76	2	2	
112	29	10	11	0	34	13	0	76	2	2	
112	30	10	11	0	30	9	0	76	2	2	
112	31	10	11	124	32	9	24	51	2	2	
112	33	10	11	124	34	13	25	78	2	2	
112	34	10	11	0	33	11	0	76	2	2	
112	35	10	11	0	34	11	0	76	2	2	
112	41	10	11	0	34	8	0	76	2	2	
112	42	10	11	0	33	15	0	76	2	2	
112	43	10	11	125	32	15	-4	87	2	2	
112	44	10	11	0	31	9	0	76	2	2	
112	45	10	11	0	34	13	0	76	2	2	
112	47	10	11	120	33	9	-10	97	2	2	
112	48	10	11	128	32	-3	9	65	2	2	
112	50	10	11	129	34	0	0	72	2	2	
112	51	10	11	120	30	9	52	81	2	2	
112	53	10	11	0	34	5	0	76	2	2	
112	54	10	11	0	33	6	0	76	2	2	
112	55	10	11	0	30	13	0	76	2	2	
112	56	10	11	0	32	3	0	76	2	2	
112	58	10	11	126	34	-6	14	75	2	2	
112	62	10	11	122	34	-2	9	60	2	2	
112	64	10	11	0	32	8	0	76	2	2	
112	65	10	11	0	34	13	0	76	2	2	
112	66	10	11	0	34	4	0	76	2	2	
112	67	10	11	0	33	14	0	76	2	2	
112	68	10	11	0	32	15	0	76	2	2	
112	71	10	11	139	36	13	5	52	2	2	
112	74	10	11	0	34	3	0	76	2	2	
112	75	10	11	0	30	1	0	76	2	2	
112	78	10	11	0	34	3	0	76	2	2	
112	79	10	11	0	30	9	0	76	2	2	
112	80	10	11	0	32	5	0	76	2	2	
112	81	10	11	129	36	10	0	72	2	2	
112	82	10	11	0	35	9	0	76	2	2	
112	83	10	11	128	36	9	0	72	2	2	
112	84	10	11	0	30	15	0	76	2	2	
112	85	10	11	0	32	9	0	76	2	2	
112	90	10	11	0	34	5	0	76	2	2	
112	91	10	11	0	33	8	0	76	2	2	
112	92	10	11	0	35	9	0	76	2	2	
112	93	10	11	0	35	9	0	76	2	2	
112	94	10	11	0	35	9	0	76	2	2	
112	95	10	11	0	34	4	0	76	2	2	
112	96	10	11	0	33	3	0	76	2	2	
112	103	10	11	0	35	9	-1	63	2	2	
112	104	10	11	0	35	10	0	76	2	2	
112	105	10	11	0	35	8	4	60	2	2	
