map_key	cell_id	enter	item_type	item_id	is_obstruct	skill_lv	star_lv	
地图id_数据id	格子ID	是否可上岸	道具类型	道具ID	是否障碍	技能等级	怪物星级	
string	integer	integer	integer	integer	integer	integer	integer	
key	key	""	""	""	""	""	""	
101_1	4	0	0	0	1	0	0	
101_1	5	0	0	0	1	0	0	
101_1	6	0	0	0	1	0	0	
101_1	7	0	0	0	1	0	0	
101_1	8	0	0	0	1	0	0	
101_1	14	0	0	0	1	0	0	
101_1	15	0	0	0	0	0	0	
101_1	16	0	3	50001	0	1	0	
101_1	17	0	1	24001	0	0	0	
101_1	18	0	1	24001	0	0	0	
101_1	19	0	1	24001	0	0	0	
101_1	20	0	0	0	1	0	0	
101_1	25	0	0	0	1	0	0	
101_1	26	0	3	50001	0	1	0	
101_1	27	0	0	0	0	0	0	
101_1	28	0	0	0	0	0	0	
101_1	29	0	1	24001	0	0	0	
101_1	30	0	0	0	0	0	0	
101_1	31	0	0	0	1	0	0	
101_1	35	0	0	0	1	0	0	
101_1	36	0	0	0	1	0	0	
101_1	37	0	0	0	0	0	0	
101_1	38	0	0	0	0	0	0	
101_1	39	0	0	0	1	0	0	
101_1	40	0	3	50001	0	1	0	
101_1	41	0	3	50001	0	1	0	
101_1	42	0	0	0	1	0	0	
101_1	46	0	0	0	1	0	0	
101_1	47	0	0	0	1	0	0	
101_1	48	0	0	0	0	0	0	
101_1	49	0	0	0	0	0	0	
101_1	50	0	0	0	1	0	0	
101_1	51	0	1	24001	0	0	0	
101_1	52	0	0	0	0	0	0	
101_1	53	0	0	0	1	0	0	
101_1	55	0	0	0	1	0	0	
101_1	56	1	0	0	0	0	0	
101_1	57	0	0	0	0	0	0	
101_1	58	0	0	0	0	0	0	
101_1	59	0	1	24001	0	0	0	
101_1	60	0	0	0	0	0	0	
101_1	61	0	0	0	1	0	0	
101_1	62	0	1	25001	0	0	0	
101_1	63	0	1	25001	0	0	0	
101_1	64	0	0	0	1	0	0	
101_1	66	1	0	0	0	0	0	
101_1	67	1	0	0	0	0	0	
101_1	68	0	0	0	0	0	0	
101_1	69	0	0	0	0	0	0	
101_1	70	0	0	0	0	0	0	
101_1	71	0	0	0	0	0	0	
101_1	72	0	0	0	1	0	0	
101_1	73	0	0	0	1	0	0	
101_1	74	0	0	0	0	0	0	
101_1	75	0	0	0	1	0	0	
101_1	78	1	0	0	0	0	0	
101_1	79	0	0	0	0	0	0	
101_1	80	0	0	0	0	0	0	
101_1	81	0	0	0	0	0	0	
101_1	82	0	0	0	1	0	0	
101_1	83	0	0	0	1	0	0	
101_1	84	0	0	0	0	0	0	
101_1	85	0	2	63001	0	0	0	
101_1	86	0	0	0	0	0	0	
101_1	87	0	0	0	1	0	0	
101_1	89	1	0	0	0	0	0	
101_1	90	1	0	0	0	0	0	
101_1	91	0	0	0	0	0	0	
101_1	92	0	0	0	1	0	0	
101_1	95	0	0	0	1	0	0	
101_1	96	0	0	0	0	0	0	
101_1	97	0	0	0	1	0	0	
101_1	102	0	0	0	1	0	0	
101_1	103	0	0	0	1	0	0	
102_1	0	0	0	0	1	0	0	
102_1	1	0	0	0	1	0	0	
102_1	2	1	0	0	0	0	0	
102_1	3	0	0	0	1	0	0	
102_1	6	0	0	0	1	0	0	
102_1	8	0	0	0	1	0	0	
102_1	10	0	0	0	1	0	0	
102_1	11	0	0	0	0	0	0	
102_1	12	0	0	0	0	0	0	
102_1	13	1	0	0	0	0	0	
102_1	15	0	0	0	0	0	0	
102_1	16	0	0	0	0	0	0	
102_1	17	0	0	0	0	0	0	
102_1	19	0	0	0	1	0	0	
102_1	20	0	0	0	1	0	0	
102_1	21	0	0	0	0	0	0	
102_1	22	0	1	24001	0	0	0	
102_1	23	0	0	0	1	0	0	
102_1	24	0	0	0	1	0	0	
102_1	28	0	0	0	1	0	0	
102_1	29	0	0	0	1	0	0	
102_1	30	0	0	0	1	0	0	
102_1	31	0	0	0	0	0	0	
102_1	32	0	0	0	0	0	0	
102_1	33	0	1	24001	0	0	0	
102_1	34	0	0	0	0	0	0	
102_1	35	0	0	0	0	0	0	
102_1	36	0	0	0	1	0	0	
102_1	37	0	0	0	1	0	0	
102_1	41	0	0	0	0	0	0	
102_1	42	0	0	0	0	0	0	
102_1	43	0	1	24001	0	0	0	
102_1	44	0	3	50001	0	1	0	
102_1	45	0	1	24001	0	0	0	
102_1	46	0	3	35001	0	1	0	
102_1	47	0	0	0	0	0	0	
102_1	48	0	0	0	1	0	0	
102_1	49	0	0	0	1	0	0	
102_1	50	0	0	0	1	0	0	
102_1	51	0	0	0	1	0	0	
102_1	53	0	0	0	1	0	0	
102_1	54	0	0	0	0	0	0	
102_1	55	0	3	35002	0	0	0	
102_1	56	0	1	24001	0	0	0	
102_1	57	0	1	24001	0	0	0	
102_1	58	0	0	0	1	0	0	
102_1	60	0	0	0	1	0	0	
102_1	62	0	0	0	1	0	0	
102_1	64	0	0	0	1	0	0	
102_1	65	0	0	0	1	0	0	
102_1	66	0	0	0	0	0	0	
102_1	67	0	3	50001	0	1	0	
102_1	68	0	0	0	1	0	0	
102_1	70	0	0	0	1	0	0	
102_1	71	0	0	0	1	0	0	
102_1	73	0	0	0	1	0	0	
102_1	74	0	0	0	0	0	0	
102_1	75	0	0	0	1	0	0	
102_1	76	0	1	25001	0	1	0	
102_1	77	0	1	24001	0	0	0	
102_1	78	0	0	0	0	0	0	
102_1	81	0	0	0	1	0	0	
102_1	83	0	0	0	1	0	0	
102_1	84	0	2	63001	0	0	0	
102_1	85	0	0	0	0	0	0	
102_1	86	0	1	25002	0	0	0	
102_1	87	0	1	24001	0	0	0	
102_1	88	0	0	0	1	0	0	
102_1	90	0	0	0	1	0	0	
102_1	91	0	0	0	1	0	0	
102_1	93	0	0	0	1	0	0	
102_1	94	0	0	0	0	0	0	
102_1	95	0	0	0	1	0	0	
102_1	96	0	0	0	0	0	0	
102_1	97	0	0	0	1	0	0	
102_1	98	0	0	0	1	0	0	
102_1	100	0	0	0	1	0	0	
102_1	101	0	0	0	1	0	0	
102_1	104	0	0	0	1	0	0	
103_1	0	0	0	0	1	0	0	
103_1	1	0	0	0	1	0	0	
103_1	2	0	0	0	1	0	0	
103_1	3	0	0	0	1	0	0	
103_1	4	0	0	0	1	0	0	
103_1	11	0	0	0	1	0	0	
103_1	12	0	0	0	1	0	0	
103_1	13	0	0	0	1	0	0	
103_1	14	0	0	0	1	0	0	
103_1	15	0	0	0	1	0	0	
103_1	22	0	0	0	1	0	0	
103_1	23	0	0	0	1	0	0	
103_1	24	0	0	0	1	0	0	
103_1	25	0	0	0	1	0	0	
103_1	26	0	0	0	1	0	0	
103_1	28	0	0	0	1	0	0	
103_1	29	0	0	0	1	0	0	
103_1	30	0	0	0	1	0	0	
103_1	31	0	0	0	1	0	0	
103_1	32	0	0	0	1	0	0	
103_1	33	0	0	0	1	0	0	
103_1	34	0	0	0	1	0	0	
103_1	35	0	0	0	1	0	0	
103_1	36	0	0	0	1	0	0	
103_1	37	0	0	0	1	0	0	
103_1	39	0	0	0	1	0	0	
103_1	40	0	0	0	0	0	0	
103_1	41	0	2	63001	0	0	0	
103_1	42	0	0	0	0	0	0	
103_1	43	0	0	0	1	0	0	
103_1	50	0	0	0	1	0	0	
103_1	51	0	0	0	0	0	0	
103_1	52	0	0	0	0	0	0	
103_1	53	0	0	0	0	0	0	
103_1	54	0	0	0	1	0	0	
103_1	55	0	0	0	1	0	0	
103_1	56	0	0	0	1	0	0	
103_1	57	0	0	0	1	0	0	
103_1	58	0	0	0	1	0	0	
103_1	59	0	0	0	1	0	0	
103_1	60	0	0	0	1	0	0	
103_1	61	0	0	0	1	0	0	
103_1	62	0	1	25002	0	0	0	
103_1	63	0	1	25002	0	0	0	
103_1	64	0	0	0	1	0	0	
103_1	66	1	0	0	0	0	0	
103_1	67	0	0	0	0	0	0	
103_1	68	0	0	0	0	0	0	
103_1	69	0	1	24001	0	0	0	
103_1	70	0	0	0	0	0	0	
103_1	71	0	0	0	0	0	0	
103_1	72	0	1	24001	0	0	0	
103_1	73	0	3	35002	0	1	0	
103_1	74	0	3	50001	0	1	0	
103_1	75	0	0	0	0	0	0	
103_1	77	1	0	0	0	0	0	
103_1	78	0	0	0	0	0	0	
103_1	79	0	0	0	0	0	0	
103_1	80	0	3	50001	0	1	0	
103_1	81	0	0	0	1	0	0	
103_1	82	0	1	24001	0	0	0	
103_1	83	0	0	0	1	0	0	
103_1	84	0	1	24001	0	0	0	
103_1	85	0	1	24001	0	0	0	
103_1	86	0	0	0	1	0	0	
103_1	88	1	0	0	0	0	0	
103_1	89	0	0	0	0	0	0	
103_1	90	0	0	0	0	0	0	
103_1	91	0	1	24001	0	0	0	
103_1	92	0	0	0	0	0	0	
103_1	93	0	3	35001	0	1	0	
103_1	94	0	0	0	0	0	0	
103_1	95	0	0	0	0	0	0	
103_1	96	0	0	0	0	0	0	
103_1	97	0	0	0	1	0	0	
103_1	99	0	0	0	1	0	0	
103_1	100	0	0	0	1	0	0	
103_1	101	0	0	0	1	0	0	
103_1	102	0	0	0	1	0	0	
103_1	103	0	0	0	1	0	0	
103_1	104	0	0	0	1	0	0	
103_1	105	0	0	0	1	0	0	
103_1	106	0	0	0	1	0	0	
103_1	107	0	0	0	1	0	0	
104_1	6	0	0	0	1	0	0	
104_1	9	0	0	0	1	0	0	
104_1	10	0	0	0	1	0	0	
104_1	16	0	0	0	1	0	0	
104_1	17	0	0	0	1	0	0	
104_1	18	0	0	0	1	0	0	
104_1	20	0	0	0	1	0	0	
104_1	21	0	0	0	1	0	0	
104_1	26	0	0	0	0	0	0	
104_1	27	0	0	0	0	0	0	
104_1	28	0	1	24001	0	0	0	
104_1	29	0	0	0	0	0	0	
104_1	30	0	0	0	0	0	0	
104_1	36	0	0	0	0	0	0	
104_1	37	0	0	0	0	0	0	
104_1	38	0	0	0	0	0	0	
104_1	39	0	0	0	0	0	0	
104_1	40	0	0	0	0	0	0	
104_1	41	0	1	24001	0	0	0	
104_1	42	0	0	0	1	0	0	
104_1	44	0	0	0	1	0	0	
104_1	45	0	0	0	1	0	0	
104_1	46	1	0	0	0	0	0	
104_1	47	0	3	50001	0	1	0	
104_1	48	0	3	35002	0	1	0	
104_1	49	0	0	0	1	0	0	
104_1	50	0	0	0	1	0	0	
104_1	51	0	0	0	1	0	0	
104_1	52	0	3	35003	0	1	0	
104_1	53	0	0	0	0	0	0	
104_1	54	0	2	63001	0	0	0	
104_1	55	0	0	0	1	0	0	
104_1	56	0	0	0	1	0	0	
104_1	57	1	0	0	0	0	0	
104_1	58	0	3	50001	0	1	0	
104_1	59	0	3	50001	0	1	0	
104_1	60	0	0	0	1	0	0	
104_1	61	0	0	0	1	0	0	
104_1	62	0	0	0	1	0	0	
104_1	63	0	1	24001	0	0	0	
104_1	64	0	1	24001	0	0	0	
104_1	65	0	0	0	0	0	0	
104_1	69	0	1	24001	0	0	0	
104_1	70	0	1	24001	0	0	0	
104_1	71	0	1	24001	0	0	0	
104_1	72	0	0	0	0	0	0	
104_1	73	0	1	25001	0	0	0	
104_1	74	0	1	25003	0	0	0	
104_1	75	0	0	0	1	0	0	
104_1	81	0	0	0	0	0	0	
104_1	82	0	0	0	0	0	0	
104_1	83	0	0	0	0	0	0	
104_1	84	0	0	0	0	0	0	
104_1	85	0	0	0	0	0	0	
104_1	93	0	0	0	1	0	0	
104_1	94	0	0	0	1	0	0	
104_1	95	0	0	0	1	0	0	
104_1	97	0	0	0	1	0	0	
104_1	98	0	0	0	1	0	0	
104_1	105	0	0	0	1	0	0	
104_1	108	0	0	0	1	0	0	
104_1	109	0	0	0	1	0	0	
105_1	2	0	0	0	1	0	0	
105_1	3	0	0	0	1	0	0	
105_1	4	0	0	0	1	0	0	
105_1	5	0	0	0	1	0	0	
105_1	6	0	0	0	1	0	0	
105_1	7	0	0	0	0	0	0	
105_1	12	0	0	0	0	0	0	
105_1	13	0	0	0	0	0	0	
105_1	14	0	1	24001	0	0	0	
105_1	15	0	1	24001	0	0	0	
105_1	16	0	0	0	0	0	0	
105_1	17	0	3	35003	0	1	1	
105_1	21	0	0	0	1	0	0	
105_1	22	0	0	0	0	0	0	
105_1	23	0	0	0	0	0	0	
105_1	24	0	0	0	0	0	0	
105_1	25	0	0	0	0	0	0	
105_1	26	0	3	50001	0	1	1	
105_1	27	0	3	35002	0	1	1	
105_1	28	0	0	0	0	0	0	
105_1	31	0	0	0	1	0	0	
105_1	32	0	3	35003	0	1	1	
105_1	33	0	0	0	0	0	0	
105_1	34	0	0	0	1	0	0	
105_1	35	0	0	0	1	0	0	
105_1	36	0	0	0	1	0	0	
105_1	37	0	0	0	0	0	0	
105_1	38	0	0	0	0	0	0	
105_1	41	0	0	0	1	0	0	
105_1	42	0	3	50001	0	1	1	
105_1	43	0	0	0	0	0	0	
105_1	46	0	0	0	1	0	0	
105_1	47	0	1	24001	0	0	0	
105_1	48	0	1	24001	0	0	0	
105_1	51	0	0	0	1	0	0	
105_1	52	0	0	0	0	0	0	
105_1	53	0	3	35002	0	1	1	
105_1	56	0	0	0	1	0	0	
105_1	57	0	1	25002	0	0	0	
105_1	58	0	1	25003	0	0	0	
105_1	61	0	0	0	0	0	0	
105_1	62	0	0	0	0	0	0	
105_1	63	0	0	0	0	0	0	
105_1	66	0	0	0	1	0	0	
105_1	67	0	0	0	0	0	0	
105_1	68	0	0	0	0	0	0	
105_1	70	0	0	0	1	0	0	
105_1	71	0	0	0	0	0	0	
105_1	72	0	0	0	0	0	0	
105_1	77	0	0	0	0	0	0	
105_1	78	0	0	0	0	0	0	
105_1	79	0	0	0	1	0	0	
105_1	80	1	0	0	0	0	0	
105_1	81	0	0	0	0	0	0	
105_1	82	1	0	0	0	0	0	
105_1	87	0	0	0	0	0	0	
105_1	88	0	2	63001	0	0	0	
105_1	89	0	0	0	0	0	0	
105_1	90	1	0	0	0	0	0	
105_1	91	0	0	0	0	0	0	
105_1	92	1	0	0	0	0	0	
105_1	94	0	0	0	1	0	0	
105_1	95	0	0	0	1	0	0	
105_1	97	0	0	0	0	0	0	
105_1	98	0	0	0	0	0	0	
105_1	99	0	0	0	0	0	0	
105_1	100	1	0	0	0	0	0	
105_1	101	1	0	0	0	0	0	
105_1	102	1	0	0	0	0	0	
105_1	104	0	0	0	1	0	0	
105_1	105	0	0	0	1	0	0	
105_1	107	0	0	0	1	0	0	
105_1	108	0	0	0	1	0	0	
105_1	109	0	0	0	1	0	0	
106_1	0	0	0	0	1	0	0	
106_1	1	1	0	0	0	0	0	
106_1	2	0	0	0	1	0	0	
106_1	3	0	0	0	1	0	0	
106_1	4	0	0	0	1	0	0	
106_1	5	0	0	0	0	0	0	
106_1	6	0	0	0	0	0	0	
106_1	7	0	0	0	0	0	0	
106_1	10	0	0	0	1	0	0	
106_1	11	1	0	0	0	0	0	
106_1	12	1	0	0	0	0	0	
106_1	13	1	0	0	0	0	0	
106_1	14	0	1	24001	0	0	0	
106_1	15	0	0	0	0	0	0	
106_1	16	0	1	24001	0	0	0	
106_1	17	0	0	0	0	0	0	
106_1	18	0	0	0	0	0	0	
106_1	20	0	0	0	1	0	0	
106_1	21	1	0	0	0	0	0	
106_1	22	1	0	0	0	0	0	
106_1	23	1	0	0	0	0	0	
106_1	24	0	0	0	1	0	0	
106_1	25	0	0	0	1	0	0	
106_1	26	0	0	0	1	0	0	
106_1	27	0	0	0	1	0	0	
106_1	28	0	1	24001	0	0	0	
106_1	29	0	0	0	0	0	0	
106_1	37	0	0	0	1	0	0	
106_1	38	0	1	24001	0	0	0	
106_1	39	0	0	0	0	0	0	
106_1	41	0	0	0	1	0	0	
106_1	42	0	0	0	1	0	0	
106_1	43	0	0	0	1	0	0	
106_1	44	0	0	0	1	0	0	
106_1	45	0	0	0	1	0	0	
106_1	47	0	0	0	1	0	0	
106_1	48	0	3	50001	0	2	1	
106_1	49	0	3	50001	0	2	1	
106_1	50	0	0	0	1	0	0	
106_1	51	0	0	0	0	0	0	
106_1	52	0	0	0	0	0	0	
106_1	53	0	2	63005	0	0	0	
106_1	54	0	0	0	1	0	0	
106_1	55	0	0	0	1	0	0	
106_1	57	0	0	0	1	0	0	
106_1	58	0	3	35003	0	2	1	
106_1	59	0	0	0	0	0	0	
106_1	60	0	0	0	1	0	0	
106_1	61	0	0	0	0	0	0	
106_1	62	0	0	0	0	0	0	
106_1	63	0	0	0	0	0	0	
106_1	64	0	0	0	0	0	0	
106_1	65	0	0	0	1	0	0	
106_1	67	0	0	0	1	0	0	
106_1	68	0	0	0	0	0	0	
106_1	69	0	0	0	0	0	0	
106_1	70	0	0	0	1	0	0	
106_1	71	0	1	25003	0	0	0	
106_1	72	0	1	25003	0	0	0	
106_1	77	0	0	0	1	0	0	
106_1	78	0	0	0	0	0	0	
106_1	79	0	0	0	0	0	0	
106_1	80	0	0	0	1	0	0	
106_1	81	0	0	0	0	0	0	
106_1	82	0	1	24001	0	0	0	
106_1	83	0	3	35003	0	2	1	
106_1	84	0	3	35002	0	2	1	
106_1	85	0	0	0	0	0	0	
106_1	86	0	0	0	0	0	0	
106_1	87	0	0	0	0	0	0	
106_1	88	0	1	24001	0	0	0	
106_1	89	0	0	0	0	0	0	
106_1	90	0	0	0	1	0	0	
106_1	91	0	0	0	0	0	0	
106_1	92	0	0	0	0	0	0	
106_1	93	0	3	35003	0	2	1	
106_1	94	0	1	24001	0	0	0	
106_1	95	0	0	0	0	0	0	
106_1	96	0	0	0	0	0	0	
106_1	97	0	0	0	0	0	0	
106_1	98	0	0	0	0	0	0	
106_1	99	0	0	0	0	0	0	
106_1	102	0	0	0	1	0	0	
106_1	103	0	0	0	1	0	0	
106_1	104	0	0	0	1	0	0	
106_1	105	0	0	0	1	0	0	
106_1	106	0	0	0	1	0	0	
106_1	107	0	0	0	1	0	0	
106_1	108	0	0	0	1	0	0	
107_1	0	1	0	0	0	0	0	
107_1	1	1	0	0	0	0	0	
107_1	2	0	0	0	1	0	0	
107_1	8	0	0	0	0	0	0	
107_1	9	1	0	0	0	0	0	
107_1	10	1	0	0	0	0	0	
107_1	12	1	0	0	0	0	0	
107_1	13	0	0	0	0	0	0	
107_1	14	0	0	0	0	0	0	
107_1	18	0	0	0	0	0	0	
107_1	19	0	0	0	0	0	0	
107_1	20	1	0	0	0	0	0	
107_1	24	0	0	0	0	0	0	
107_1	25	0	1	24001	0	0	0	
107_1	26	0	0	0	0	0	0	
107_1	28	0	0	0	0	0	0	
107_1	29	0	1	24001	0	0	0	
107_1	30	0	0	0	1	0	0	
107_1	36	0	3	50001	0	2	1	
107_1	37	0	0	0	0	0	0	
107_1	38	0	3	35003	0	2	1	
107_1	39	0	3	50001	0	2	1	
107_1	40	0	0	0	0	0	0	
107_1	44	0	0	0	1	0	0	
107_1	48	0	0	0	0	0	0	
107_1	49	0	0	0	0	0	0	
107_1	50	0	0	0	0	0	0	
107_1	53	0	0	0	1	0	0	
107_1	54	0	0	0	1	0	0	
107_1	55	0	0	0	1	0	0	
107_1	56	0	0	0	1	0	0	
107_1	58	0	0	0	0	0	0	
107_1	59	0	1	25003	0	0	0	
107_1	60	0	1	25003	0	0	0	
107_1	61	0	1	24001	0	0	0	
107_1	62	0	0	0	0	0	0	
107_1	64	0	0	0	1	0	0	
107_1	69	0	3	35003	0	2	1	
107_1	70	0	0	0	0	0	0	
107_1	71	0	3	35003	0	2	1	
107_1	72	0	1	24001	0	0	0	
107_1	73	0	3	35003	0	2	1	
107_1	79	0	0	0	1	0	0	
107_1	80	0	0	0	0	0	0	
107_1	81	0	0	0	1	0	0	
107_1	82	0	0	0	0	0	0	
107_1	83	0	0	0	1	0	0	
107_1	84	0	0	0	0	0	0	
107_1	85	0	0	0	1	0	0	
107_1	89	0	0	0	1	0	0	
107_1	90	0	0	0	0	0	0	
107_1	91	0	0	0	0	0	0	
107_1	92	0	0	0	0	0	0	
107_1	93	0	2	63005	0	0	0	
107_1	94	0	0	0	0	0	0	
107_1	95	0	0	0	0	0	0	
107_1	96	0	0	0	0	0	0	
107_1	97	0	0	0	1	0	0	
107_1	99	0	0	0	1	0	0	
107_1	100	0	0	0	0	0	0	
107_1	101	0	0	0	0	0	0	
107_1	102	0	0	0	0	0	0	
107_1	103	0	0	0	0	0	0	
107_1	104	0	0	0	1	0	0	
107_1	105	0	0	0	0	0	0	
107_1	106	0	0	0	0	0	0	
107_1	107	0	0	0	0	0	0	
107_1	108	0	0	0	0	0	0	
107_1	109	0	0	0	1	0	0	
108_1	0	0	0	0	1	0	0	
108_1	1	1	0	0	0	0	0	
108_1	2	1	0	0	0	0	0	
108_1	3	0	0	0	0	0	0	
108_1	4	0	0	0	0	0	0	
108_1	5	0	3	35003	0	2	1	
108_1	6	0	0	0	0	0	0	
108_1	7	0	1	24001	0	0	0	
108_1	8	0	3	35003	0	2	1	
108_1	9	0	0	0	0	0	0	
108_1	10	0	0	0	1	0	0	
108_1	11	1	0	0	0	0	0	
108_1	12	0	0	0	0	0	0	
108_1	13	0	0	0	0	0	0	
108_1	14	0	0	0	0	0	0	
108_1	15	0	0	0	0	0	0	
108_1	16	0	0	0	0	0	0	
108_1	17	0	0	0	0	0	0	
108_1	18	0	3	50001	0	2	1	
108_1	19	0	0	0	0	0	0	
108_1	20	0	1	24001	0	0	0	
108_1	21	0	1	24001	0	0	0	
108_1	22	0	0	0	1	0	0	
108_1	23	1	0	0	0	0	0	
108_1	24	0	0	0	0	0	0	
108_1	25	0	0	0	1	0	0	
108_1	31	0	0	0	0	0	0	
108_1	32	0	0	0	0	0	0	
108_1	35	0	0	0	0	0	0	
108_1	36	0	0	0	0	0	0	
108_1	37	0	0	0	1	0	0	
108_1	42	0	0	0	0	0	0	
108_1	43	0	1	24001	0	0	0	
108_1	46	0	0	0	0	0	0	
108_1	47	0	1	24001	0	0	0	
108_1	48	0	0	0	0	0	0	
108_1	49	0	0	0	1	0	0	
108_1	53	0	0	0	1	0	0	
108_1	54	0	0	0	0	0	0	
108_1	58	0	0	0	0	0	0	
108_1	59	0	0	0	0	0	0	
108_1	60	0	0	0	0	0	0	
108_1	61	0	0	0	1	0	0	
108_1	64	0	0	0	0	0	0	
108_1	65	0	0	0	0	0	0	
108_1	66	0	0	0	1	0	0	
108_1	67	0	0	0	1	0	0	
108_1	70	0	1	24001	0	0	0	
108_1	71	0	3	35003	0	2	1	
108_1	72	0	3	50001	0	2	1	
108_1	73	0	0	0	1	0	0	
108_1	75	0	0	0	0	0	0	
108_1	76	0	0	0	0	0	0	
108_1	77	0	0	0	1	0	0	
108_1	79	0	0	0	1	0	0	
108_1	82	0	1	24001	0	0	0	
108_1	83	0	3	38001	0	2	1	
108_1	84	0	1	25003	0	0	0	
108_1	85	0	0	0	0	0	0	
108_1	86	0	0	0	0	0	0	
108_1	87	0	0	0	0	0	0	
108_1	88	0	0	0	1	0	0	
108_1	89	0	0	0	1	0	0	
108_1	91	0	0	0	1	0	0	
108_1	94	0	0	0	0	0	0	
108_1	95	0	1	25003	0	0	0	
108_1	96	0	0	0	0	0	0	
108_1	97	0	2	63005	0	0	0	
108_1	98	0	0	0	0	0	0	
108_1	99	0	0	0	1	0	0	
108_1	100	0	0	0	1	0	0	
108_1	101	0	0	0	1	0	0	
108_1	102	0	0	0	1	0	0	
108_1	107	0	0	0	1	0	0	
108_1	108	0	0	0	0	0	0	
108_1	109	0	0	0	0	0	0	
109_1	0	0	0	0	1	0	0	
109_1	1	0	1	24001	0	0	0	
109_1	2	0	0	0	0	0	0	
109_1	3	0	0	0	0	0	0	
109_1	4	0	0	0	0	0	0	
109_1	5	0	0	0	0	0	0	
109_1	6	0	0	0	0	0	0	
109_1	7	0	0	0	0	0	0	
109_1	8	0	0	0	0	0	0	
109_1	9	0	0	0	0	0	0	
109_1	10	0	0	0	1	0	0	
109_1	11	0	0	0	0	0	0	
109_1	12	0	0	0	0	0	0	
109_1	13	0	0	0	0	0	0	
109_1	14	0	0	0	0	0	0	
109_1	15	0	0	0	0	0	0	
109_1	16	0	1	24001	0	0	0	
109_1	17	0	0	0	0	0	0	
109_1	18	0	0	0	0	0	0	
109_1	19	0	0	0	0	0	0	
109_1	20	0	0	0	0	0	0	
109_1	21	0	0	0	1	0	0	
109_1	22	0	1	24001	0	0	0	
109_1	23	0	0	0	0	0	0	
109_1	24	0	0	0	1	0	0	
109_1	25	0	0	0	1	0	0	
109_1	30	0	1	24001	0	0	0	
109_1	31	0	0	0	0	0	0	
109_1	32	0	0	0	0	0	0	
109_1	33	0	0	0	0	0	0	
109_1	34	0	3	35003	0	2	1	
109_1	35	0	3	35003	0	2	1	
109_1	38	0	0	0	1	0	0	
109_1	39	0	0	0	1	0	0	
109_1	42	0	0	0	0	0	0	
109_1	43	0	0	0	0	0	0	
109_1	44	0	0	0	1	0	0	
109_1	45	0	0	0	0	0	0	
109_1	46	0	1	24001	0	0	0	
109_1	48	0	0	0	1	0	0	
109_1	49	0	0	0	1	0	0	
109_1	50	0	0	0	1	0	0	
109_1	53	0	0	0	0	0	0	
109_1	54	0	0	0	0	0	0	
109_1	55	0	0	0	1	0	0	
109_1	56	0	3	50002	0	2	1	
109_1	57	0	0	0	0	0	0	
109_1	60	0	0	0	1	0	0	
109_1	61	0	0	0	1	0	0	
109_1	64	0	3	38001	0	2	1	
109_1	65	0	0	0	0	0	0	
109_1	66	0	0	0	1	0	0	
109_1	67	0	0	0	0	0	0	
109_1	68	0	3	50002	0	2	1	
109_1	74	0	3	50002	0	2	1	
109_1	75	0	3	35003	0	2	1	
109_1	76	0	0	0	0	0	0	
109_1	78	1	0	0	0	0	0	
109_1	79	0	0	0	0	0	0	
109_1	80	1	0	0	0	0	0	
109_1	82	0	0	0	0	0	0	
109_1	83	0	0	0	0	0	0	
109_1	84	0	0	0	0	0	0	
109_1	85	0	1	25003	0	0	0	
109_1	86	0	1	25003	0	0	0	
109_1	87	0	0	0	1	0	0	
109_1	89	1	0	0	0	0	0	
109_1	90	0	0	0	0	0	0	
109_1	91	1	0	0	0	0	0	
109_1	93	0	0	0	0	0	0	
109_1	94	0	2	63005	0	0	0	
109_1	95	0	0	0	0	0	0	
109_1	96	0	0	0	0	0	0	
109_1	97	0	1	24001	0	0	0	
109_1	100	0	0	0	1	0	0	
109_1	101	1	0	0	0	0	0	
109_1	102	0	0	0	1	0	0	
109_1	104	0	0	0	0	0	0	
109_1	105	0	0	0	0	0	0	
109_1	106	0	0	0	0	0	0	
109_1	107	0	0	0	0	0	0	
109_1	108	0	0	0	1	0	0	
110_1	1	0	0	0	1	0	0	
110_1	2	0	0	0	1	0	0	
110_1	3	0	0	0	0	0	0	
110_1	4	0	0	0	0	0	0	
110_1	5	0	0	0	0	0	0	
110_1	6	0	0	0	0	0	0	
110_1	7	0	0	0	0	0	0	
110_1	8	0	0	0	1	0	0	
110_1	9	0	0	0	1	0	0	
110_1	11	0	0	0	1	0	0	
110_1	12	0	0	0	0	0	0	
110_1	13	0	0	0	0	0	0	
110_1	14	0	0	0	0	0	0	
110_1	15	0	0	0	0	0	0	
110_1	16	0	0	0	1	0	0	
110_1	17	0	0	0	0	0	0	
110_1	18	0	0	0	0	0	0	
110_1	19	0	0	0	0	0	0	
110_1	20	0	0	0	0	0	0	
110_1	21	0	0	0	1	0	0	
110_1	22	0	0	0	0	0	0	
110_1	23	0	0	0	0	0	0	
110_1	24	0	0	0	0	0	0	
110_1	25	0	0	0	1	0	0	
110_1	29	0	0	0	1	0	0	
110_1	30	0	3	35003	0	2	1	
110_1	31	0	0	0	0	0	0	
110_1	32	0	0	0	0	0	0	
110_1	33	0	0	0	0	0	0	
110_1	34	0	3	38003	0	2	1	
110_1	35	0	1	24001	0	0	0	
110_1	36	0	0	0	0	0	0	
110_1	37	0	0	0	0	0	0	
110_1	38	0	0	0	0	0	0	
110_1	39	0	0	0	0	0	0	
110_1	40	0	1	25002	0	0	0	
110_1	41	0	3	50002	0	2	1	
110_1	42	0	1	24001	0	0	0	
110_1	43	0	0	0	0	0	0	
110_1	44	0	3	35003	0	2	1	
110_1	45	0	0	0	0	0	0	
110_1	47	0	0	0	0	0	0	
110_1	48	0	0	0	0	0	0	
110_1	49	0	2	63005	0	0	0	
110_1	50	0	0	0	0	0	0	
110_1	51	0	1	25004	0	0	0	
110_1	53	0	0	0	0	0	0	
110_1	54	0	3	35003	0	2	1	
110_1	55	0	0	0	0	0	0	
110_1	56	0	1	24001	0	0	0	
110_1	59	0	0	0	0	0	0	
110_1	60	0	0	0	0	0	0	
110_1	61	0	0	0	0	0	0	
110_1	64	0	0	0	0	0	0	
110_1	65	0	0	0	0	0	0	
110_1	66	0	3	50002	0	2	1	
110_1	67	0	0	0	0	0	0	
110_1	68	0	0	0	1	0	0	
110_1	69	0	0	0	1	0	0	
110_1	73	0	0	0	1	0	0	
110_1	74	0	0	0	1	0	0	
110_1	75	0	1	24001	0	0	0	
110_1	76	0	0	0	0	0	0	
110_1	77	0	0	0	0	0	0	
110_1	78	0	3	50002	0	2	1	
110_1	79	0	0	0	0	0	0	
110_1	80	0	0	0	0	0	0	
110_1	81	0	0	0	1	0	0	
110_1	82	0	0	0	1	0	0	
110_1	83	0	0	0	1	0	0	
110_1	84	0	0	0	0	0	0	
110_1	85	0	0	0	0	0	0	
110_1	86	0	0	0	0	0	0	
110_1	87	0	0	0	0	0	0	
110_1	88	0	0	0	0	0	0	
110_1	89	0	0	0	0	0	0	
110_1	90	0	1	24001	0	0	0	
110_1	91	0	0	0	0	0	0	
110_1	92	0	0	0	0	0	0	
110_1	93	0	0	0	0	0	0	
110_1	94	0	0	0	0	0	0	
110_1	95	0	0	0	0	0	0	
110_1	96	0	1	24001	0	0	0	
110_1	97	0	0	0	0	0	0	
110_1	98	0	0	0	0	0	0	
110_1	100	0	0	0	1	0	0	
110_1	101	0	0	0	0	0	0	
110_1	102	0	0	0	0	0	0	
110_1	103	1	0	0	0	0	0	
110_1	104	1	0	0	0	0	0	
110_1	105	1	0	0	0	0	0	
110_1	106	0	0	0	0	0	0	
110_1	107	0	0	0	0	0	0	
110_1	108	0	0	0	1	0	0	
111_1	0	0	0	0	0	0	0	
111_1	1	0	0	0	0	0	0	
111_1	2	0	0	0	0	0	0	
111_1	3	0	0	0	0	0	0	
111_1	4	0	0	0	1	0	0	
111_1	5	0	0	0	1	0	0	
111_1	6	0	0	0	1	0	0	
111_1	7	0	0	0	0	0	0	
111_1	8	0	0	0	0	0	0	
111_1	9	0	0	0	0	0	0	
111_1	10	0	0	0	1	0	0	
111_1	12	0	0	0	0	0	0	
111_1	13	0	0	0	0	0	0	
111_1	14	0	0	0	0	0	0	
111_1	15	0	3	38003	0	2	1	
111_1	16	0	2	63005	0	0	0	
111_1	17	0	3	35003	0	2	1	
111_1	18	0	0	0	0	0	0	
111_1	19	0	0	0	0	0	0	
111_1	20	0	0	0	0	0	0	
111_1	25	0	0	0	0	0	0	
111_1	26	0	3	35003	0	2	1	
111_1	27	0	1	25003	0	0	0	
111_1	28	0	1	25004	0	0	0	
111_1	29	0	0	0	0	0	0	
111_1	33	0	0	0	1	0	0	
111_1	34	0	0	0	1	0	0	
111_1	37	0	0	0	0	0	0	
111_1	38	0	1	24001	0	0	0	
111_1	39	0	0	0	0	0	0	
111_1	42	0	0	0	1	0	0	
111_1	43	0	0	0	1	0	0	
111_1	45	0	0	0	1	0	0	
111_1	46	0	0	0	1	0	0	
111_1	49	0	1	24001	0	0	0	
111_1	52	0	0	0	1	0	0	
111_1	53	0	0	0	1	0	0	
111_1	57	0	0	0	1	0	0	
111_1	58	0	0	0	1	0	0	
111_1	60	0	3	50002	0	2	1	
111_1	62	0	0	0	1	0	0	
111_1	63	0	0	0	1	0	0	
111_1	66	0	0	0	1	0	0	
111_1	71	0	3	38003	0	2	1	
111_1	76	0	0	0	1	0	0	
111_1	77	1	0	0	0	0	0	
111_1	78	1	0	0	0	0	0	
111_1	81	0	3	50002	0	2	1	
111_1	82	0	1	24001	0	0	0	
111_1	83	0	3	50002	0	2	1	
111_1	86	0	0	0	1	0	0	
111_1	87	1	0	0	0	0	0	
111_1	88	0	0	0	1	0	0	
111_1	89	0	0	0	0	0	0	
111_1	90	0	0	0	0	0	0	
111_1	91	0	1	24001	0	0	0	
111_1	92	0	0	0	0	0	0	
111_1	93	0	0	0	0	0	0	
111_1	94	0	0	0	0	0	0	
111_1	95	0	1	24001	0	0	0	
111_1	96	0	0	0	0	0	0	
111_1	97	0	0	0	0	0	0	
111_1	98	1	0	0	0	0	0	
111_1	99	0	0	0	1	0	0	
111_1	100	1	0	0	0	0	0	
111_1	101	0	0	0	0	0	0	
111_1	102	0	0	0	0	0	0	
111_1	103	0	1	24001	0	0	0	
111_1	104	0	0	0	1	0	0	
111_1	105	0	0	0	0	0	0	
111_1	106	0	0	0	0	0	0	
111_1	107	0	0	0	0	0	0	
111_1	108	1	0	0	0	0	0	
111_1	109	1	0	0	0	0	0	
112_1	4	0	0	0	1	0	0	
112_1	5	0	0	0	0	0	0	
112_1	6	0	0	0	1	0	0	
112_1	13	0	0	0	0	0	0	
112_1	14	0	0	0	0	0	0	
112_1	15	0	0	0	0	0	0	
112_1	16	0	2	63005	0	0	0	
112_1	17	0	0	0	0	0	0	
112_1	18	0	0	0	0	0	0	
112_1	19	0	0	0	0	0	0	
112_1	23	0	0	0	1	0	0	
112_1	24	0	0	0	0	0	0	
112_1	25	0	3	38003	0	2	1	
112_1	26	0	0	0	0	0	0	
112_1	27	0	1	25003	0	0	0	
112_1	28	0	1	25004	0	0	0	
112_1	29	0	0	0	0	0	0	
112_1	30	0	1	24001	0	0	0	
112_1	31	0	0	0	1	0	0	
112_1	33	0	0	0	1	0	0	
112_1	34	0	0	0	0	0	0	
112_1	35	0	1	24001	0	0	0	
112_1	41	0	3	38003	0	2	1	
112_1	42	0	0	0	0	0	0	
112_1	43	0	0	0	1	0	0	
112_1	44	0	3	35003	0	2	1	
112_1	45	0	3	35003	0	2	1	
112_1	47	0	0	0	1	0	0	
112_1	48	0	0	0	1	0	0	
112_1	50	0	0	0	1	0	0	
112_1	51	0	0	0	1	0	0	
112_1	53	0	3	38003	0	2	1	
112_1	54	0	1	24001	0	0	0	
112_1	55	0	0	0	0	0	0	
112_1	56	0	0	0	0	0	0	
112_1	58	0	0	0	1	0	0	
112_1	62	0	0	0	1	0	0	
112_1	64	0	3	50002	0	2	1	
112_1	65	0	0	0	0	0	0	
112_1	66	0	0	0	0	0	0	
112_1	67	0	1	24001	0	0	0	
112_1	68	0	0	0	0	0	0	
112_1	71	0	0	0	1	0	0	
112_1	74	0	3	50002	0	2	1	
112_1	75	0	0	0	0	0	0	
112_1	78	0	0	0	0	0	0	
112_1	79	0	0	0	0	0	0	
112_1	80	0	0	0	0	0	0	
112_1	81	0	0	0	1	0	0	
112_1	82	0	0	0	0	0	0	
112_1	83	0	0	0	1	0	0	
112_1	84	0	0	0	0	0	0	
112_1	85	0	0	0	0	0	0	
112_1	90	0	0	0	0	0	0	
112_1	91	0	1	24001	0	0	0	
112_1	92	0	0	0	0	0	0	
112_1	93	0	0	0	0	0	0	
112_1	94	0	0	0	0	0	0	
112_1	95	0	1	24001	0	0	0	
112_1	96	0	0	0	0	0	0	
112_1	103	1	0	0	0	0	0	
112_1	104	1	0	0	0	0	0	
112_1	105	1	0	0	0	0	0	
101_2	4	0	0	0	1	0	0	
101_2	5	0	0	0	1	0	0	
101_2	6	0	0	0	1	0	0	
101_2	7	0	0	0	1	0	0	
101_2	8	0	0	0	1	0	0	
101_2	14	0	0	0	1	0	0	
101_2	15	0	0	0	0	0	0	
101_2	16	0	3	35003	0	3	2	
101_2	17	0	1	24001	0	0	0	
101_2	18	0	1	24001	0	0	0	
101_2	19	0	0	0	0	0	0	
101_2	20	0	0	0	1	0	0	
101_2	25	0	0	0	1	0	0	
101_2	26	0	3	50002	0	3	2	
101_2	27	0	1	24001	0	0	0	
101_2	28	0	0	0	0	0	0	
101_2	29	0	1	24001	0	0	0	
101_2	30	0	3	35003	0	3	2	
101_2	31	0	0	0	1	0	0	
101_2	35	0	0	0	1	0	0	
101_2	36	0	0	0	1	0	0	
101_2	37	0	0	0	0	0	0	
101_2	38	0	3	50002	0	3	2	
101_2	39	0	0	0	1	0	0	
101_2	40	0	3	38003	0	3	2	
101_2	41	0	0	0	0	0	0	
101_2	42	0	0	0	1	0	0	
101_2	46	0	0	0	1	0	0	
101_2	47	0	0	0	1	0	0	
101_2	48	0	0	0	0	0	0	
101_2	49	0	0	0	0	0	0	
101_2	50	0	0	0	1	0	0	
101_2	51	0	1	24001	0	0	0	
101_2	52	0	3	38003	0	3	2	
101_2	53	0	0	0	1	0	0	
101_2	55	0	0	0	1	0	0	
101_2	56	1	0	0	0	0	0	
101_2	57	0	0	0	0	0	0	
101_2	58	0	0	0	0	0	0	
101_2	59	0	0	0	0	0	0	
101_2	60	0	0	0	0	0	0	
101_2	61	0	0	0	1	0	0	
101_2	62	0	1	25003	0	0	0	
101_2	63	0	1	25004	0	0	0	
101_2	64	0	0	0	1	0	0	
101_2	66	1	0	0	0	0	0	
101_2	67	1	0	0	0	0	0	
101_2	68	0	0	0	0	0	0	
101_2	69	0	0	0	0	0	0	
101_2	70	0	0	0	0	0	0	
101_2	71	0	0	0	0	0	0	
101_2	72	0	0	0	1	0	0	
101_2	73	0	0	0	1	0	0	
101_2	74	0	0	0	0	0	0	
101_2	75	0	0	0	1	0	0	
101_2	78	1	0	0	0	0	0	
101_2	79	0	0	0	0	0	0	
101_2	80	0	0	0	0	0	0	
101_2	81	0	0	0	0	0	0	
101_2	82	0	0	0	1	0	0	
101_2	83	0	0	0	1	0	0	
101_2	84	0	0	0	0	0	0	
101_2	85	0	2	63001	0	0	0	
101_2	86	0	0	0	0	0	0	
101_2	87	0	0	0	1	0	0	
101_2	89	1	0	0	0	0	0	
101_2	90	1	0	0	0	0	0	
101_2	91	0	0	0	0	0	0	
101_2	92	0	0	0	1	0	0	
101_2	95	0	0	0	1	0	0	
101_2	96	0	0	0	0	0	0	
101_2	97	0	0	0	1	0	0	
101_2	102	0	0	0	1	0	0	
101_2	103	0	0	0	1	0	0	
102_2	0	0	0	0	1	0	0	
102_2	1	0	0	0	1	0	0	
102_2	2	1	0	0	0	0	0	
102_2	3	0	0	0	1	0	0	
102_2	6	0	0	0	1	0	0	
102_2	8	0	0	0	1	0	0	
102_2	10	0	0	0	1	0	0	
102_2	11	1	0	0	0	0	0	
102_2	12	1	0	0	0	0	0	
102_2	13	1	0	0	0	0	0	
102_2	15	0	0	0	0	0	0	
102_2	16	0	0	0	0	0	0	
102_2	17	0	0	0	0	0	0	
102_2	19	0	0	0	1	0	0	
102_2	20	0	0	0	1	0	0	
102_2	21	0	0	0	0	0	0	
102_2	22	0	1	24001	0	0	0	
102_2	23	0	0	0	1	0	0	
102_2	24	0	0	0	1	0	0	
102_2	28	0	0	0	1	0	0	
102_2	29	0	0	0	1	0	0	
102_2	30	0	0	0	1	0	0	
102_2	31	0	0	0	0	0	0	
102_2	32	0	0	0	0	0	0	
102_2	33	0	0	0	0	0	0	
102_2	34	0	3	35003	0	3	2	
102_2	35	0	0	0	0	0	0	
102_2	36	0	0	0	1	0	0	
102_2	37	0	0	0	1	0	0	
102_2	41	0	0	0	0	0	0	
102_2	42	0	0	0	0	0	0	
102_2	43	0	3	50002	0	3	2	
102_2	44	0	0	0	0	0	0	
102_2	45	0	1	24001	0	0	0	
102_2	46	0	0	0	0	0	0	
102_2	47	0	0	0	0	0	0	
102_2	48	0	0	0	1	0	0	
102_2	49	0	0	0	1	0	0	
102_2	50	0	0	0	1	0	0	
102_2	51	0	0	0	1	0	0	
102_2	53	0	0	0	1	0	0	
102_2	54	0	3	38003	0	3	2	
102_2	55	0	1	24001	0	0	0	
102_2	56	0	3	50002	0	3	2	
102_2	57	0	0	0	0	0	0	
102_2	58	0	0	0	1	0	0	
102_2	60	0	0	0	1	0	0	
102_2	62	0	0	0	1	0	0	
102_2	64	0	0	0	1	0	0	
102_2	65	0	0	0	1	0	0	
102_2	66	0	3	38003	0	3	2	
102_2	67	0	3	38003	0	3	2	
102_2	68	0	0	0	1	0	0	
102_2	70	0	0	0	1	0	0	
102_2	71	0	0	0	1	0	0	
102_2	73	0	0	0	1	0	0	
102_2	74	0	0	0	0	0	0	
102_2	75	0	0	0	1	0	0	
102_2	76	0	1	25003	0	0	0	
102_2	77	0	3	38003	0	3	2	
102_2	78	0	0	0	0	0	0	
102_2	81	0	0	0	1	0	0	
102_2	83	0	0	0	1	0	0	
102_2	84	0	2	63002	0	0	0	
102_2	85	0	0	0	0	0	0	
102_2	86	0	1	25004	0	0	0	
102_2	87	0	1	24001	0	0	0	
102_2	88	0	0	0	1	0	0	
102_2	90	0	0	0	1	0	0	
102_2	91	0	0	0	1	0	0	
102_2	93	0	0	0	1	0	0	
102_2	94	0	0	0	0	0	0	
102_2	95	0	0	0	1	0	0	
102_2	96	0	0	0	0	0	0	
102_2	97	0	0	0	1	0	0	
102_2	98	0	0	0	1	0	0	
102_2	100	0	0	0	1	0	0	
102_2	101	0	0	0	1	0	0	
102_2	104	0	0	0	1	0	0	
103_2	0	0	0	0	1	0	0	
103_2	1	0	0	0	1	0	0	
103_2	2	0	0	0	1	0	0	
103_2	3	0	0	0	1	0	0	
103_2	4	0	0	0	1	0	0	
103_2	11	0	0	0	1	0	0	
103_2	12	0	0	0	1	0	0	
103_2	13	0	0	0	1	0	0	
103_2	14	0	0	0	1	0	0	
103_2	15	0	0	0	1	0	0	
103_2	22	0	0	0	1	0	0	
103_2	23	0	0	0	1	0	0	
103_2	24	0	0	0	1	0	0	
103_2	25	0	0	0	1	0	0	
103_2	26	0	0	0	1	0	0	
103_2	28	0	0	0	1	0	0	
103_2	29	0	0	0	1	0	0	
103_2	30	0	0	0	1	0	0	
103_2	31	0	0	0	1	0	0	
103_2	32	0	0	0	1	0	0	
103_2	33	0	0	0	1	0	0	
103_2	34	0	0	0	1	0	0	
103_2	35	0	0	0	1	0	0	
103_2	36	0	0	0	1	0	0	
103_2	37	0	0	0	1	0	0	
103_2	39	0	0	0	1	0	0	
103_2	40	0	0	0	0	0	0	
103_2	41	0	2	63003	0	0	0	
103_2	42	0	0	0	0	0	0	
103_2	43	0	0	0	1	0	0	
103_2	50	0	0	0	1	0	0	
103_2	51	0	3	38003	0	3	2	
103_2	52	0	1	24001	0	0	0	
103_2	53	0	0	0	0	0	0	
103_2	54	0	0	0	1	0	0	
103_2	55	0	0	0	1	0	0	
103_2	56	0	0	0	1	0	0	
103_2	57	0	0	0	1	0	0	
103_2	58	0	0	0	1	0	0	
103_2	59	0	0	0	1	0	0	
103_2	60	0	0	0	1	0	0	
103_2	61	0	0	0	1	0	0	
103_2	62	0	1	25004	0	0	0	
103_2	63	0	1	25004	0	0	0	
103_2	64	0	0	0	1	0	0	
103_2	66	1	0	0	0	0	0	
103_2	67	1	0	0	0	0	0	
103_2	68	1	0	0	0	0	0	
103_2	69	0	3	38003	0	3	2	
103_2	70	0	0	0	0	0	0	
103_2	71	0	0	0	0	0	0	
103_2	72	0	0	0	0	0	0	
103_2	73	0	3	38003	0	3	2	
103_2	74	0	3	38003	0	3	2	
103_2	75	0	0	0	0	0	0	
103_2	77	1	0	0	0	0	0	
103_2	78	1	0	0	0	0	0	
103_2	79	1	0	0	0	0	0	
103_2	80	0	3	50002	0	3	2	
103_2	81	0	0	0	1	0	0	
103_2	82	0	1	24001	0	0	0	
103_2	83	0	0	0	1	0	0	
103_2	84	0	3	50002	0	3	2	
103_2	85	0	1	24001	0	0	0	
103_2	86	0	0	0	1	0	0	
103_2	88	1	0	0	0	0	0	
103_2	89	1	0	0	0	0	0	
103_2	90	1	0	0	0	0	0	
103_2	91	0	3	38003	0	3	2	
103_2	92	0	1	24001	0	0	0	
103_2	93	0	0	0	0	0	0	
103_2	94	0	0	0	0	0	0	
103_2	95	0	0	0	0	0	0	
103_2	96	0	0	0	0	0	0	
103_2	97	0	0	0	1	0	0	
103_2	99	0	0	0	1	0	0	
103_2	100	0	0	0	1	0	0	
103_2	101	0	0	0	1	0	0	
103_2	102	0	0	0	1	0	0	
103_2	103	0	0	0	1	0	0	
103_2	104	0	0	0	1	0	0	
103_2	105	0	0	0	1	0	0	
103_2	106	0	0	0	1	0	0	
103_2	107	0	0	0	1	0	0	
104_2	6	0	0	0	1	0	0	
104_2	9	0	0	0	1	0	0	
104_2	10	0	0	0	1	0	0	
104_2	16	0	0	0	1	0	0	
104_2	17	0	0	0	1	0	0	
104_2	18	0	0	0	1	0	0	
104_2	20	0	0	0	1	0	0	
104_2	21	0	0	0	1	0	0	
104_2	26	0	1	24001	0	0	0	
104_2	27	0	0	0	0	0	0	
104_2	28	0	1	24001	0	0	0	
104_2	29	0	3	38003	0	3	2	
104_2	30	0	3	35003	0	3	2	
104_2	36	0	0	0	0	0	0	
104_2	37	0	0	0	0	0	0	
104_2	38	0	0	0	0	0	0	
104_2	39	0	3	38003	0	3	2	
104_2	40	0	0	0	0	0	0	
104_2	41	0	2	24001	0	0	0	
104_2	42	0	0	0	1	0	0	
104_2	44	0	0	0	1	0	0	
104_2	45	0	0	0	1	0	0	
104_2	46	0	0	0	0	0	0	
104_2	47	0	2	63003	0	0	0	
104_2	48	0	3	38003	0	3	2	
104_2	49	0	0	0	1	0	0	
104_2	50	0	0	0	1	0	0	
104_2	51	0	0	0	1	0	0	
104_2	52	1	0	0	0	0	0	
104_2	53	1	0	0	0	0	0	
104_2	54	1	0	0	0	0	0	
104_2	55	0	0	0	1	0	0	
104_2	56	0	0	0	1	0	0	
104_2	57	0	0	0	0	0	0	
104_2	58	0	0	0	0	0	0	
104_2	59	0	3	38003	0	3	2	
104_2	60	0	0	0	1	0	0	
104_2	61	0	0	0	1	0	0	
104_2	62	0	0	0	1	0	0	
104_2	63	1	0	0	0	0	0	
104_2	64	1	0	0	0	0	0	
104_2	65	1	0	0	0	0	0	
104_2	69	0	3	38003	0	3	2	
104_2	70	0	0	0	0	0	0	
104_2	71	0	3	38003	0	3	2	
104_2	72	0	1	35002	0	0	0	
104_2	73	0	1	25004	0	0	0	
104_2	74	0	1	25004	0	0	0	
104_2	75	0	0	0	1	0	0	
104_2	81	0	0	0	0	0	0	
104_2	82	0	0	0	0	0	0	
104_2	83	0	0	0	0	0	0	
104_2	84	0	0	0	0	0	0	
104_2	85	0	1	24001	0	0	0	
104_2	93	0	0	0	1	0	0	
104_2	94	0	0	0	1	0	0	
104_2	95	0	0	0	1	0	0	
104_2	97	0	0	0	1	0	0	
104_2	98	0	0	0	1	0	0	
104_2	105	0	0	0	1	0	0	
104_2	108	0	0	0	1	0	0	
104_2	109	0	0	0	1	0	0	
105_2	2	0	0	0	1	0	0	
105_2	3	0	0	0	1	0	0	
105_2	4	0	0	0	1	0	0	
105_2	5	0	0	0	1	0	0	
105_2	6	0	0	0	1	0	0	
105_2	7	0	0	0	0	0	0	
105_2	12	0	0	0	0	0	0	
105_2	13	0	0	0	0	0	0	
105_2	14	0	0	0	0	0	0	
105_2	15	0	1	24001	0	0	0	
105_2	16	0	1	24001	0	0	0	
105_2	17	0	0	0	0	0	0	
105_2	21	0	0	0	1	0	0	
105_2	22	0	0	0	0	0	0	
105_2	23	0	3	38003	0	3	2	
105_2	24	0	0	0	0	0	0	
105_2	25	0	0	0	0	0	0	
105_2	26	0	0	0	0	0	0	
105_2	27	0	0	0	0	0	0	
105_2	28	0	0	0	0	0	0	
105_2	31	0	0	0	1	0	0	
105_2	32	0	3	38003	0	3	2	
105_2	33	0	3	38003	0	3	2	
105_2	34	0	0	0	1	0	0	
105_2	35	0	0	0	1	0	0	
105_2	36	0	0	0	1	0	0	
105_2	37	0	3	38003	0	3	2	
105_2	38	0	3	38003	0	3	2	
105_2	41	0	0	0	1	0	0	
105_2	42	0	0	0	0	0	0	
105_2	43	0	0	0	0	0	0	
105_2	46	0	0	0	1	0	0	
105_2	47	0	1	24001	0	0	0	
105_2	48	0	3	38003	0	3	2	
105_2	51	0	0	0	1	0	0	
105_2	52	0	1	24001	0	0	0	
105_2	53	0	0	0	0	0	0	
105_2	56	0	0	0	1	0	0	
105_2	57	0	1	25004	0	0	0	
105_2	58	0	1	25004	0	0	0	
105_2	61	0	0	0	0	0	0	
105_2	62	0	0	0	0	0	0	
105_2	63	0	0	0	0	0	0	
105_2	66	0	0	0	1	0	0	
105_2	67	0	1	24001	0	0	0	
105_2	68	0	0	0	0	0	0	
105_2	70	0	0	0	1	0	0	
105_2	71	0	0	0	0	0	0	
105_2	72	0	0	0	0	0	0	
105_2	77	0	3	38003	0	3	2	
105_2	78	0	0	0	0	0	0	
105_2	79	0	0	0	1	0	0	
105_2	80	1	0	0	0	0	0	
105_2	81	1	0	0	0	0	0	
105_2	82	1	0	0	0	0	0	
105_2	87	0	0	0	0	0	0	
105_2	88	0	2	63004	0	0	0	
105_2	89	0	0	0	0	0	0	
105_2	90	1	0	0	0	0	0	
105_2	91	1	0	0	0	0	0	
105_2	92	1	0	0	0	0	0	
105_2	94	0	0	0	1	0	0	
105_2	95	0	0	0	1	0	0	
105_2	97	0	0	0	0	0	0	
105_2	98	0	0	0	0	0	0	
105_2	99	0	0	0	0	0	0	
105_2	100	1	0	0	0	0	0	
105_2	101	1	0	0	0	0	0	
105_2	102	1	0	0	0	0	0	
105_2	104	0	0	0	1	0	0	
105_2	105	0	0	0	1	0	0	
105_2	107	0	0	0	1	0	0	
105_2	108	0	0	0	1	0	0	
105_2	109	0	0	0	1	0	0	
106_2	0	0	0	0	1	0	0	
106_2	1	1	0	0	0	0	0	
106_2	2	0	0	0	1	0	0	
106_2	3	0	0	0	1	0	0	
106_2	4	0	0	0	1	0	0	
106_2	5	0	0	0	0	0	0	
106_2	6	0	0	0	0	0	0	
106_2	7	0	0	0	0	0	0	
106_2	10	0	0	0	1	0	0	
106_2	11	1	0	0	0	0	0	
106_2	12	1	0	0	0	0	0	
106_2	13	1	0	0	0	0	0	
106_2	14	0	1	24001	0	0	0	
106_2	15	0	0	0	0	0	0	
106_2	16	0	0	0	0	0	0	
106_2	17	0	3	50003	0	3	2	
106_2	18	0	1	24001	0	0	0	
106_2	20	0	0	0	1	0	0	
106_2	21	1	0	0	0	0	0	
106_2	22	1	0	0	0	0	0	
106_2	23	1	0	0	0	0	0	
106_2	24	0	0	0	1	0	0	
106_2	25	0	0	0	1	0	0	
106_2	26	0	0	0	1	0	0	
106_2	27	0	0	0	1	0	0	
106_2	28	0	3	50003	0	3	2	
106_2	29	0	0	0	0	0	0	
106_2	37	0	0	0	1	0	0	
106_2	38	0	1	24001	0	0	0	
106_2	39	0	0	0	0	0	0	
106_2	41	0	0	0	1	0	0	
106_2	42	0	0	0	1	0	0	
106_2	43	0	0	0	1	0	0	
106_2	44	0	0	0	1	0	0	
106_2	45	0	0	0	1	0	0	
106_2	47	0	0	0	1	0	0	
106_2	48	0	0	0	0	0	0	
106_2	49	0	3	50003	0	3	2	
106_2	50	0	0	0	1	0	0	
106_2	51	0	0	0	0	0	0	
106_2	52	0	0	0	0	0	0	
106_2	53	0	2	63005	0	0	0	
106_2	54	0	0	0	1	0	0	
106_2	55	0	0	0	1	0	0	
106_2	57	0	0	0	1	0	0	
106_2	58	0	3	50003	0	3	2	
106_2	59	0	0	0	0	0	0	
106_2	60	0	0	0	1	0	0	
106_2	61	0	1	24001	0	0	0	
106_2	62	0	0	0	0	0	0	
106_2	63	0	0	0	0	0	0	
106_2	64	0	0	0	0	0	0	
106_2	65	0	0	0	1	0	0	
106_2	67	0	0	0	1	0	0	
106_2	68	0	1	24001	0	0	0	
106_2	69	0	0	0	0	0	0	
106_2	70	0	0	0	1	0	0	
106_2	71	0	1	25004	0	0	0	
106_2	72	0	1	25004	0	0	0	
106_2	77	0	0	0	1	0	0	
106_2	78	0	0	0	0	0	0	
106_2	79	0	0	0	0	0	0	
106_2	80	0	0	0	1	0	0	
106_2	81	0	3	50003	0	3	2	
106_2	82	0	3	50003	0	3	2	
106_2	83	0	3	50003	0	3	2	
106_2	84	0	3	50003	0	3	2	
106_2	85	0	1	24001	0	0	0	
106_2	86	0	0	0	0	0	0	
106_2	87	0	0	0	0	0	0	
106_2	88	0	0	0	0	0	0	
106_2	89	0	0	0	0	0	0	
106_2	90	0	0	0	1	0	0	
106_2	91	0	0	0	0	0	0	
106_2	92	0	0	0	0	0	0	
106_2	93	0	0	0	0	0	0	
106_2	94	0	0	0	0	0	0	
106_2	95	0	0	0	0	0	0	
106_2	96	0	0	0	0	0	0	
106_2	97	0	0	0	0	0	0	
106_2	98	0	0	0	0	0	0	
106_2	99	0	0	0	0	0	0	
106_2	102	0	0	0	1	0	0	
106_2	103	0	0	0	1	0	0	
106_2	104	0	0	0	1	0	0	
106_2	105	0	0	0	1	0	0	
106_2	106	0	0	0	1	0	0	
106_2	107	0	0	0	1	0	0	
106_2	108	0	0	0	1	0	0	
107_2	0	1	0	0	0	0	0	
107_2	1	1	0	0	0	0	0	
107_2	2	0	0	0	1	0	0	
107_2	8	0	0	0	0	0	0	
107_2	9	1	0	0	0	0	0	
107_2	10	1	0	0	0	0	0	
107_2	12	1	0	0	0	0	0	
107_2	13	0	0	0	0	0	0	
107_2	14	0	0	0	0	0	0	
107_2	18	0	0	0	0	0	0	
107_2	19	0	0	0	0	0	0	
107_2	20	1	0	0	0	0	0	
107_2	24	0	0	0	0	0	0	
107_2	25	0	1	24001	0	0	0	
107_2	26	0	3	50003	0	4	2	
107_2	28	0	3	50003	0	4	2	
107_2	29	0	0	0	0	0	0	
107_2	30	0	0	0	1	0	0	
107_2	36	0	0	0	0	0	0	
107_2	37	0	3	38003	0	4	2	
107_2	38	0	1	24001	0	0	0	
107_2	39	0	3	50003	0	4	2	
107_2	40	0	0	0	0	0	0	
107_2	44	0	0	0	1	0	0	
107_2	48	0	0	0	0	0	0	
107_2	49	0	1	24001	0	0	0	
107_2	50	0	0	0	0	0	0	
107_2	53	0	0	0	1	0	0	
107_2	54	0	0	0	1	0	0	
107_2	55	0	0	0	1	0	0	
107_2	56	0	0	0	1	0	0	
107_2	58	0	3	50003	0	4	2	
107_2	59	0	1	25004	0	0	0	
107_2	60	0	1	25004	0	0	0	
107_2	61	0	1	24001	0	0	0	
107_2	62	0	0	0	0	0	0	
107_2	64	0	0	0	1	0	0	
107_2	69	0	0	0	0	0	0	
107_2	70	0	3	38003	0	4	2	
107_2	71	0	3	38003	0	4	2	
107_2	72	0	0	0	0	0	0	
107_2	73	0	3	50003	0	4	2	
107_2	79	0	0	0	1	0	0	
107_2	80	0	0	0	0	0	0	
107_2	81	0	0	0	1	0	0	
107_2	82	0	1	24001	0	0	0	
107_2	83	0	0	0	1	0	0	
107_2	84	0	0	0	0	0	0	
107_2	85	0	0	0	1	0	0	
107_2	89	0	0	0	1	0	0	
107_2	90	0	0	0	0	0	0	
107_2	91	0	0	0	0	0	0	
107_2	92	0	0	0	0	0	0	
107_2	93	0	2	63005	0	0	0	
107_2	94	0	0	0	0	0	0	
107_2	95	0	0	0	0	0	0	
107_2	96	0	0	0	0	0	0	
107_2	97	0	0	0	1	0	0	
107_2	99	0	0	0	1	0	0	
107_2	100	0	0	0	0	0	0	
107_2	101	0	0	0	0	0	0	
107_2	102	0	0	0	0	0	0	
107_2	103	0	0	0	0	0	0	
107_2	104	0	0	0	1	0	0	
107_2	105	0	0	0	0	0	0	
107_2	106	0	0	0	0	0	0	
107_2	107	0	0	0	0	0	0	
107_2	108	0	0	0	0	0	0	
107_2	109	0	0	0	1	0	0	
108_2	0	0	0	0	1	0	0	
108_2	1	1	0	0	0	0	0	
108_2	2	1	0	0	0	0	0	
108_2	3	0	1	24001	0	0	0	
108_2	4	0	0	0	0	0	0	
108_2	5	0	3	35003	0	4	2	
108_2	6	0	0	0	0	0	0	
108_2	7	0	0	0	0	0	0	
108_2	8	0	3	50003	0	4	2	
108_2	9	0	0	0	0	0	0	
108_2	10	0	3	50003	1	4	2	
108_2	11	1	0	0	0	0	0	
108_2	12	0	0	0	0	0	0	
108_2	13	0	0	0	0	0	0	
108_2	14	0	0	0	0	0	0	
108_2	15	0	0	0	0	0	0	
108_2	16	0	0	0	0	0	0	
108_2	17	0	0	0	0	0	0	
108_2	18	0	3	38003	0	4	2	
108_2	19	0	0	0	0	0	0	
108_2	20	0	3	50003	0	4	2	
108_2	21	0	0	0	0	0	0	
108_2	22	0	0	0	1	0	0	
108_2	23	1	0	0	0	0	0	
108_2	24	0	0	0	0	0	0	
108_2	25	0	0	0	1	0	0	
108_2	31	0	0	0	0	0	0	
108_2	32	0	3	38003	0	4	2	
108_2	35	0	1	24001	0	0	0	
108_2	36	0	0	0	0	0	0	
108_2	37	0	0	0	1	0	0	
108_2	42	0	0	0	0	0	0	
108_2	43	0	1	24001	0	0	0	
108_2	46	0	0	0	0	0	0	
108_2	47	0	0	0	0	0	0	
108_2	48	0	0	0	0	0	0	
108_2	49	0	0	0	1	0	0	
108_2	53	0	0	0	1	0	0	
108_2	54	0	0	0	0	0	0	
108_2	58	0	0	0	0	0	0	
108_2	59	0	0	0	0	0	0	
108_2	60	0	3	50003	0	4	2	
108_2	61	0	0	0	1	0	0	
108_2	64	0	0	0	0	0	0	
108_2	65	0	0	0	0	0	0	
108_2	66	0	0	0	1	0	0	
108_2	67	0	0	0	1	0	0	
108_2	70	0	1	24001	0	0	0	
108_2	71	0	3	38003	0	4	2	
108_2	72	0	3	50003	0	4	2	
108_2	73	0	0	0	1	0	0	
108_2	75	0	0	0	0	0	0	
108_2	76	0	0	0	0	0	0	
108_2	77	0	0	0	1	0	0	
108_2	79	0	0	0	1	0	0	
108_2	82	0	0	0	0	0	0	
108_2	83	0	0	0	0	0	0	
108_2	84	0	1	25003	0	0	0	
108_2	85	0	0	0	0	0	0	
108_2	86	0	0	0	0	0	0	
108_2	87	0	0	0	0	0	0	
108_2	88	0	0	0	1	0	0	
108_2	89	0	0	0	1	0	0	
108_2	91	0	0	0	1	0	0	
108_2	94	0	0	0	0	0	0	
108_2	95	0	1	25005	0	0	0	
108_2	96	0	0	0	0	0	0	
108_2	97	0	2	63005	0	0	0	
108_2	98	0	0	0	0	0	0	
108_2	99	0	0	0	1	0	0	
108_2	100	0	0	0	1	0	0	
108_2	101	0	0	0	1	0	0	
108_2	102	0	0	0	1	0	0	
108_2	107	0	0	0	1	0	0	
108_2	108	0	0	0	0	0	0	
108_2	109	0	0	0	0	0	0	
109_2	0	0	0	0	1	0	0	
109_2	1	0	0	0	0	0	0	
109_2	2	0	0	0	0	0	0	
109_2	3	0	0	0	0	0	0	
109_2	4	0	0	0	0	0	0	
109_2	5	0	0	0	0	0	0	
109_2	6	0	0	0	0	0	0	
109_2	7	0	0	0	0	0	0	
109_2	8	0	0	0	0	0	0	
109_2	9	0	0	0	0	0	0	
109_2	10	0	0	0	1	0	0	
109_2	11	0	0	0	0	0	0	
109_2	12	0	3	38003	0	4	2	
109_2	13	0	1	24001	0	0	0	
109_2	14	0	0	0	0	0	0	
109_2	15	0	0	0	0	0	0	
109_2	16	0	0	0	0	0	0	
109_2	17	0	0	0	0	0	0	
109_2	18	0	0	0	0	0	0	
109_2	19	0	0	0	0	0	0	
109_2	20	0	0	0	0	0	0	
109_2	21	0	0	0	1	0	0	
109_2	22	0	0	0	0	0	0	
109_2	23	0	0	0	0	0	0	
109_2	24	0	0	0	1	0	0	
109_2	25	0	0	0	1	0	0	
109_2	30	0	0	0	0	0	0	
109_2	31	0	1	24001	0	0	0	
109_2	32	0	0	0	0	0	0	
109_2	33	0	1	24001	0	0	0	
109_2	34	0	3	50004	0	4	2	
109_2	35	0	3	50004	0	4	2	
109_2	38	0	0	0	1	0	0	
109_2	39	0	0	0	1	0	0	
109_2	42	0	0	0	0	0	0	
109_2	43	0	0	0	0	0	0	
109_2	44	0	0	0	1	0	0	
109_2	45	0	0	0	0	0	0	
109_2	46	0	3	50004	0	4	2	
109_2	48	0	0	0	1	0	0	
109_2	49	0	0	0	1	0	0	
109_2	50	0	0	0	1	0	0	
109_2	53	0	0	0	0	0	0	
109_2	54	0	0	0	0	0	0	
109_2	55	0	0	0	1	0	0	
109_2	56	0	0	0	0	0	0	
109_2	57	0	0	0	0	0	0	
109_2	60	0	0	0	1	0	0	
109_2	61	0	0	0	1	0	0	
109_2	64	0	0	0	0	0	0	
109_2	65	0	3	50004	0	4	2	
109_2	66	0	0	0	1	0	0	
109_2	67	0	0	0	0	0	0	
109_2	68	0	1	24001	0	0	0	
109_2	74	0	3	50004	0	4	2	
109_2	75	0	3	38003	0	4	2	
109_2	76	0	3	50004	0	4	2	
109_2	78	1	0	0	0	0	0	
109_2	79	0	0	0	0	0	0	
109_2	80	1	0	0	0	0	0	
109_2	82	0	0	0	0	0	0	
109_2	83	0	0	0	0	0	0	
109_2	84	0	0	0	0	0	0	
109_2	85	0	1	25003	0	0	0	
109_2	86	0	1	25005	0	0	0	
109_2	87	0	0	0	1	0	0	
109_2	89	1	0	0	0	0	0	
109_2	90	0	0	0	0	0	0	
109_2	91	1	0	0	0	0	0	
109_2	93	0	0	0	0	0	0	
109_2	94	0	2	63005	0	0	0	
109_2	95	0	0	0	0	0	0	
109_2	96	0	1	24001	0	0	0	
109_2	97	0	0	0	0	0	0	
109_2	100	0	0	0	1	0	0	
109_2	101	1	0	0	0	0	0	
109_2	102	0	0	0	1	0	0	
109_2	104	0	0	0	0	0	0	
109_2	105	0	0	0	0	0	0	
109_2	106	0	0	0	0	0	0	
109_2	107	0	0	0	0	0	0	
109_2	108	0	0	0	1	0	0	
110_2	1	0	0	0	1	0	0	
110_2	2	0	0	0	1	0	0	
110_2	3	0	0	0	0	0	0	
110_2	4	0	0	0	0	0	0	
110_2	5	0	0	0	0	0	0	
110_2	6	0	0	0	0	0	0	
110_2	7	0	0	0	0	0	0	
110_2	8	0	0	0	1	0	0	
110_2	9	0	0	0	1	0	0	
110_2	11	0	0	0	1	0	0	
110_2	12	0	0	0	0	0	0	
110_2	13	0	0	0	0	0	0	
110_2	14	0	0	0	0	0	0	
110_2	15	0	0	0	0	0	0	
110_2	16	0	0	0	1	0	0	
110_2	17	0	0	0	0	0	0	
110_2	18	0	0	0	0	0	0	
110_2	19	0	0	0	0	0	0	
110_2	20	0	0	0	0	0	0	
110_2	21	0	0	0	1	0	0	
110_2	22	0	0	0	0	0	0	
110_2	23	0	0	0	0	0	0	
110_2	24	0	0	0	0	0	0	
110_2	25	0	0	0	1	0	0	
110_2	29	0	0	0	1	0	0	
110_2	30	0	0	0	0	0	0	
110_2	31	0	0	0	0	0	0	
110_2	32	0	0	0	0	0	0	
110_2	33	0	0	0	0	0	0	
110_2	34	0	0	0	0	0	0	
110_2	35	0	1	24001	0	0	0	
110_2	36	0	3	50004	0	4	2	
110_2	37	0	0	0	0	0	0	
110_2	38	0	0	0	0	0	0	
110_2	39	0	0	0	0	0	0	
110_2	40	0	1	25004	0	0	0	
110_2	41	0	1	24001	0	0	0	
110_2	42	0	3	50004	0	4	2	
110_2	43	0	0	0	0	0	0	
110_2	44	0	0	0	0	0	0	
110_2	45	0	3	50004	0	4	2	
110_2	47	0	0	0	0	0	0	
110_2	48	0	0	0	0	0	0	
110_2	49	0	2	63005	0	0	0	
110_2	50	0	0	0	0	0	0	
110_2	51	0	1	25005	0	0	0	
110_2	53	0	0	0	0	0	0	
110_2	54	0	0	0	0	0	0	
110_2	55	0	3	50004	0	4	2	
110_2	56	0	1	24001	0	0	0	
110_2	59	0	0	0	0	0	0	
110_2	60	0	0	0	0	0	0	
110_2	61	0	0	0	0	0	0	
110_2	64	0	1	24001	0	0	0	
110_2	65	0	3	38003	0	4	2	
110_2	66	0	0	0	0	0	0	
110_2	67	0	0	0	0	0	0	
110_2	68	0	0	0	1	0	0	
110_2	69	0	0	0	1	0	0	
110_2	73	0	0	0	1	0	0	
110_2	74	0	0	0	1	0	0	
110_2	75	0	3	50004	0	4	2	
110_2	76	0	0	0	0	0	0	
110_2	77	0	3	38003	0	4	2	
110_2	78	0	3	50004	0	4	2	
110_2	79	0	0	0	0	0	0	
110_2	80	0	0	0	0	0	0	
110_2	81	0	0	0	1	0	0	
110_2	82	0	0	0	1	0	0	
110_2	83	0	0	0	1	0	0	
110_2	84	0	0	0	0	0	0	
110_2	85	0	0	0	0	0	0	
110_2	86	0	0	0	0	0	0	
110_2	87	0	0	0	0	0	0	
110_2	88	0	0	0	0	0	0	
110_2	89	0	0	0	0	0	0	
110_2	90	0	0	0	0	0	0	
110_2	91	0	1	24001	0	0	0	
110_2	92	0	0	0	0	0	0	
110_2	93	0	0	0	0	0	0	
110_2	94	0	0	0	0	0	0	
110_2	95	0	1	24001	0	0	0	
110_2	96	0	0	0	0	0	0	
110_2	97	0	0	0	0	0	0	
110_2	98	0	0	0	0	0	0	
110_2	100	0	0	0	1	0	0	
110_2	101	0	0	0	0	0	0	
110_2	102	0	0	0	0	0	0	
110_2	103	1	0	0	0	0	0	
110_2	104	1	0	0	0	0	0	
110_2	105	1	0	0	0	0	0	
110_2	106	0	0	0	0	0	0	
110_2	107	0	0	0	0	0	0	
110_2	108	0	0	0	1	0	0	
111_2	0	0	0	0	0	0	0	
111_2	1	0	0	0	0	0	0	
111_2	2	0	0	0	0	0	0	
111_2	3	0	0	0	0	0	0	
111_2	4	0	0	0	1	0	0	
111_2	5	0	0	0	1	0	0	
111_2	6	0	0	0	1	0	0	
111_2	7	0	0	0	0	0	0	
111_2	8	0	0	0	0	0	0	
111_2	9	0	0	0	0	0	0	
111_2	10	0	0	0	1	0	0	
111_2	12	0	0	0	0	0	0	
111_2	13	0	0	0	0	0	0	
111_2	14	0	0	0	0	0	0	
111_2	15	0	0	0	0	0	0	
111_2	16	0	2	63005	0	0	0	
111_2	17	0	3	50004	0	4	2	
111_2	18	0	0	0	0	0	0	
111_2	19	0	0	0	0	0	0	
111_2	20	0	0	0	0	0	0	
111_2	25	0	0	0	0	0	0	
111_2	26	0	1	24001	0	0	0	
111_2	27	0	1	25004	0	0	0	
111_2	28	0	1	25005	0	0	0	
111_2	29	0	1	24001	0	0	0	
111_2	33	0	0	0	1	0	0	
111_2	34	0	0	0	1	0	0	
111_2	37	0	3	50004	0	4	2	
111_2	38	0	3	50004	0	4	2	
111_2	39	0	3	50004	0	4	2	
111_2	42	0	0	0	1	0	0	
111_2	43	0	0	0	1	0	0	
111_2	45	0	0	0	1	0	0	
111_2	46	0	0	0	1	0	0	
111_2	49	0	1	24001	0	0	0	
111_2	52	0	0	0	1	0	0	
111_2	53	0	0	0	1	0	0	
111_2	57	0	0	0	1	0	0	
111_2	58	0	0	0	1	0	0	
111_2	60	0	3	38003	0	4	2	
111_2	62	0	0	0	1	0	0	
111_2	63	0	0	0	1	0	0	
111_2	66	0	0	0	1	0	0	
111_2	71	0	0	0	0	0	0	
111_2	76	0	0	0	1	0	0	
111_2	77	1	0	0	0	0	0	
111_2	78	1	0	0	0	0	0	
111_2	81	0	3	50004	0	4	2	
111_2	82	0	3	50004	0	4	2	
111_2	83	0	3	50004	0	4	2	
111_2	86	0	0	0	1	0	0	
111_2	87	1	0	0	0	0	0	
111_2	88	0	0	0	1	0	0	
111_2	89	0	0	0	0	0	0	
111_2	90	0	0	0	0	0	0	
111_2	91	0	0	0	0	0	0	
111_2	92	0	1	24001	0	0	0	
111_2	93	0	0	0	0	0	0	
111_2	94	0	1	24001	0	0	0	
111_2	95	0	0	0	0	0	0	
111_2	96	0	0	0	0	0	0	
111_2	97	0	0	0	0	0	0	
111_2	98	1	0	0	0	0	0	
111_2	99	0	0	0	1	0	0	
111_2	100	1	0	0	0	0	0	
111_2	101	0	0	0	0	0	0	
111_2	102	0	0	0	0	0	0	
111_2	103	0	0	0	0	0	0	
111_2	104	0	0	0	1	0	0	
111_2	105	0	0	0	0	0	0	
111_2	106	0	0	0	0	0	0	
111_2	107	0	0	0	0	0	0	
111_2	108	1	0	0	0	0	0	
111_2	109	1	0	0	0	0	0	
112_2	4	0	0	0	1	0	0	
112_2	5	0	0	0	0	0	0	
112_2	6	0	0	0	1	0	0	
112_2	13	0	0	0	0	0	0	
112_2	14	0	0	0	0	0	0	
112_2	15	0	0	0	0	0	0	
112_2	16	0	2	63005	0	0	0	
112_2	17	0	0	0	0	0	0	
112_2	18	0	0	0	0	0	0	
112_2	19	0	0	0	0	0	0	
112_2	23	0	0	0	1	0	0	
112_2	24	0	1	24001	0	0	0	
112_2	25	0	1	24001	0	0	0	
112_2	26	0	1	24001	0	0	0	
112_2	27	0	1	25004	0	0	0	
112_2	28	0	1	25005	0	0	0	
112_2	29	0	1	24001	0	0	0	
112_2	30	0	1	24001	0	0	0	
112_2	31	0	0	0	1	0	0	
112_2	33	0	0	0	1	0	0	
112_2	34	0	0	0	0	0	0	
112_2	35	0	0	0	0	0	0	
112_2	41	0	0	0	0	0	0	
112_2	42	0	0	0	0	0	0	
112_2	43	0	0	0	1	0	0	
112_2	44	0	3	50005	0	4	2	
112_2	45	0	3	50005	0	4	2	
112_2	47	0	0	0	1	0	0	
112_2	48	0	0	0	1	0	0	
112_2	50	0	0	0	1	0	0	
112_2	51	0	0	0	1	0	0	
112_2	53	0	3	50005	0	4	2	
112_2	54	0	3	50005	0	4	2	
112_2	55	0	3	50005	0	4	2	
112_2	56	0	3	50005	0	4	2	
112_2	58	0	0	0	1	0	0	
112_2	62	0	0	0	1	0	0	
112_2	64	0	3	50005	0	4	2	
112_2	65	0	3	50005	0	4	2	
112_2	66	0	0	0	0	0	0	
112_2	67	0	0	0	0	0	0	
112_2	68	0	0	0	0	0	0	
112_2	71	0	0	0	1	0	0	
112_2	74	0	0	0	0	0	0	
112_2	75	0	0	0	0	0	0	
112_2	78	0	0	0	0	0	0	
112_2	79	0	0	0	0	0	0	
112_2	80	0	0	0	0	0	0	
112_2	81	0	0	0	1	0	0	
112_2	82	0	0	0	0	0	0	
112_2	83	0	0	0	1	0	0	
112_2	84	0	0	0	0	0	0	
112_2	85	0	0	0	0	0	0	
112_2	90	0	0	0	0	0	0	
112_2	91	0	0	0	0	0	0	
112_2	92	0	0	0	0	0	0	
112_2	93	0	0	0	0	0	0	
112_2	94	0	0	0	0	0	0	
112_2	95	0	0	0	0	0	0	
112_2	96	0	0	0	0	0	0	
112_2	103	1	0	0	0	0	0	
112_2	104	1	0	0	0	0	0	
112_2	105	1	0	0	0	0	0	
101_3	4	0	0	0	1	0	0	
101_3	5	0	0	0	1	0	0	
101_3	6	0	0	0	1	0	0	
101_3	7	0	0	0	1	0	0	
101_3	8	0	0	0	1	0	0	
101_3	14	0	0	0	1	0	0	
101_3	15	0	0	0	0	0	0	
101_3	16	0	3	50005	0	5	3	
101_3	17	0	3	50005	0	5	3	
101_3	18	0	3	50005	0	5	3	
101_3	19	0	3	50005	0	5	3	
101_3	20	0	0	0	1	0	0	
101_3	25	0	0	0	1	0	0	
101_3	26	0	0	0	0	0	0	
101_3	27	0	0	0	0	0	0	
101_3	28	0	0	0	0	0	0	
101_3	29	0	1	24001	0	0	0	
101_3	30	0	0	0	0	0	0	
101_3	31	0	0	0	1	0	0	
101_3	35	0	0	0	1	0	0	
101_3	36	0	0	0	1	0	0	
101_3	37	0	1	24001	0	0	0	
101_3	38	0	1	24001	0	0	0	
101_3	39	0	0	0	1	0	0	
101_3	40	0	3	50005	0	5	3	
101_3	41	0	3	50005	0	5	3	
101_3	42	0	0	0	1	0	0	
101_3	46	0	0	0	1	0	0	
101_3	47	0	0	0	1	0	0	
101_3	48	0	0	0	0	0	0	
101_3	49	0	0	0	0	0	0	
101_3	50	0	0	0	1	0	0	
101_3	51	0	1	24001	0	0	0	
101_3	52	0	1	24001	0	0	0	
101_3	53	0	0	0	1	0	0	
101_3	55	0	0	0	1	0	0	
101_3	56	1	0	0	0	0	0	
101_3	57	0	0	0	0	0	0	
101_3	58	0	0	0	0	0	0	
101_3	59	0	3	50005	0	5	3	
101_3	60	0	3	50005	0	5	3	
101_3	61	0	0	0	1	0	0	
101_3	62	0	1	25004	0	0	0	
101_3	63	0	1	25005	0	0	0	
101_3	64	0	0	0	1	0	0	
101_3	66	1	0	0	0	0	0	
101_3	67	1	0	0	0	0	0	
101_3	68	0	0	0	0	0	0	
101_3	69	0	0	0	0	0	0	
101_3	70	0	0	0	0	0	0	
101_3	71	0	0	0	0	0	0	
101_3	72	0	0	0	1	0	0	
101_3	73	0	0	0	1	0	0	
101_3	74	0	0	0	0	0	0	
101_3	75	0	0	0	1	0	0	
101_3	78	1	0	0	0	0	0	
101_3	79	0	0	0	0	0	0	
101_3	80	0	0	0	0	0	0	
101_3	81	0	0	0	0	0	0	
101_3	82	0	0	0	1	0	0	
101_3	83	0	0	0	1	0	0	
101_3	84	0	0	0	0	0	0	
101_3	85	0	2	63001	0	0	0	
101_3	86	0	0	0	0	0	0	
101_3	87	0	0	0	1	0	0	
101_3	89	1	0	0	0	0	0	
101_3	90	1	0	0	0	0	0	
101_3	91	0	0	0	0	0	0	
101_3	92	0	0	0	1	0	0	
101_3	95	0	0	0	1	0	0	
101_3	96	0	0	0	0	0	0	
101_3	97	0	0	0	1	0	0	
101_3	102	0	0	0	1	0	0	
101_3	103	0	0	0	1	0	0	
102_3	0	0	0	0	1	0	0	
102_3	1	0	0	0	1	0	0	
102_3	2	1	0	0	0	0	0	
102_3	3	0	0	0	1	0	0	
102_3	6	0	0	0	1	0	0	
102_3	8	0	0	0	1	0	0	
102_3	10	0	0	0	1	0	0	
102_3	11	1	0	0	0	0	0	
102_3	12	1	0	0	0	0	0	
102_3	13	1	0	0	0	0	0	
102_3	15	0	0	0	0	0	0	
102_3	16	0	0	0	0	0	0	
102_3	17	0	0	0	0	0	0	
102_3	19	0	0	0	1	0	0	
102_3	20	0	0	0	1	0	0	
102_3	21	0	0	0	0	0	0	
102_3	22	0	0	0	0	0	0	
102_3	23	0	0	0	1	0	0	
102_3	24	0	0	0	1	0	0	
102_3	28	0	0	0	1	0	0	
102_3	29	0	0	0	1	0	0	
102_3	30	0	0	0	1	0	0	
102_3	31	0	0	0	0	0	0	
102_3	32	0	0	0	0	0	0	
102_3	33	0	0	0	0	0	0	
102_3	34	0	1	24001	0	0	0	
102_3	35	0	0	0	0	0	0	
102_3	36	0	0	0	1	0	0	
102_3	37	0	0	0	1	0	0	
102_3	41	0	0	0	0	0	0	
102_3	42	0	0	0	0	0	0	
102_3	43	0	0	0	0	0	0	
102_3	44	0	3	50005	0	5	3	
102_3	45	0	3	50005	0	5	3	
102_3	46	0	1	24001	0	0	0	
102_3	47	0	0	0	0	0	0	
102_3	48	0	0	0	1	0	0	
102_3	49	0	0	0	1	0	0	
102_3	50	0	0	0	1	0	0	
102_3	51	0	0	0	1	0	0	
102_3	53	0	0	0	1	0	0	
102_3	54	0	3	50005	0	5	3	
102_3	55	0	3	50005	0	5	3	
102_3	56	0	1	24001	0	0	0	
102_3	57	0	1	24001	0	0	0	
102_3	58	0	0	0	1	0	0	
102_3	60	0	0	0	1	0	0	
102_3	62	0	0	0	1	0	0	
102_3	64	0	0	0	1	0	0	
102_3	65	0	0	0	1	0	0	
102_3	66	0	3	50005	0	5	3	
102_3	67	0	3	50005	0	5	3	
102_3	68	0	0	0	1	0	0	
102_3	70	0	0	0	1	0	0	
102_3	71	0	0	0	1	0	0	
102_3	73	0	0	0	1	0	0	
102_3	74	0	0	0	0	0	0	
102_3	75	0	0	0	1	0	0	
102_3	76	0	1	25004	0	0	0	
102_3	77	0	3	50005	0	5	3	
102_3	78	0	3	50005	0	5	3	
102_3	81	0	0	0	1	0	0	
102_3	83	0	0	0	1	0	0	
102_3	84	0	2	63002	0	0	0	
102_3	85	0	0	0	0	0	0	
102_3	86	0	1	25005	0	0	0	
102_3	87	0	0	0	0	0	0	
102_3	88	0	0	0	1	0	0	
102_3	90	0	0	0	1	0	0	
102_3	91	0	0	0	1	0	0	
102_3	93	0	0	0	1	0	0	
102_3	94	0	0	0	0	0	0	
102_3	95	0	0	0	1	0	0	
102_3	96	0	0	0	0	0	0	
102_3	97	0	0	0	1	0	0	
102_3	98	0	0	0	1	0	0	
102_3	100	0	0	0	1	0	0	
102_3	101	0	0	0	1	0	0	
102_3	104	0	0	0	1	0	0	
103_3	0	0	0	0	1	0	0	
103_3	1	0	0	0	1	0	0	
103_3	2	0	0	0	1	0	0	
103_3	3	0	0	0	1	0	0	
103_3	4	0	0	0	1	0	0	
103_3	11	0	0	0	1	0	0	
103_3	12	0	0	0	1	0	0	
103_3	13	0	0	0	1	0	0	
103_3	14	0	0	0	1	0	0	
103_3	15	0	0	0	1	0	0	
103_3	22	0	0	0	1	0	0	
103_3	23	0	0	0	1	0	0	
103_3	24	0	0	0	1	0	0	
103_3	25	0	0	0	1	0	0	
103_3	26	0	0	0	1	0	0	
103_3	28	0	0	0	1	0	0	
103_3	29	0	0	0	1	0	0	
103_3	30	0	0	0	1	0	0	
103_3	31	0	0	0	1	0	0	
103_3	32	0	0	0	1	0	0	
103_3	33	0	0	0	1	0	0	
103_3	34	0	0	0	1	0	0	
103_3	35	0	0	0	1	0	0	
103_3	36	0	0	0	1	0	0	
103_3	37	0	0	0	1	0	0	
103_3	39	0	0	0	1	0	0	
103_3	40	0	0	0	0	0	0	
103_3	41	0	2	63003	0	0	0	
103_3	42	0	0	0	0	0	0	
103_3	43	0	0	0	1	0	0	
103_3	50	0	0	0	1	0	0	
103_3	51	0	0	0	0	0	0	
103_3	52	0	0	0	0	0	0	
103_3	53	0	0	0	0	0	0	
103_3	54	0	0	0	1	0	0	
103_3	55	0	0	0	1	0	0	
103_3	56	0	0	0	1	0	0	
103_3	57	0	0	0	1	0	0	
103_3	58	0	0	0	1	0	0	
103_3	59	0	0	0	1	0	0	
103_3	60	0	0	0	1	0	0	
103_3	61	0	0	0	1	0	0	
103_3	62	0	1	25004	0	0	0	
103_3	63	0	1	25005	0	0	0	
103_3	64	0	0	0	1	0	0	
103_3	66	1	0	0	0	0	0	
103_3	67	1	0	0	0	0	0	
103_3	68	1	0	0	0	0	0	
103_3	69	0	3	50006	0	5	3	
103_3	70	0	3	50006	0	5	3	
103_3	71	0	1	24001	0	0	0	
103_3	72	0	1	24001	0	0	0	
103_3	73	0	3	50006	0	5	3	
103_3	74	0	1	24001	0	0	0	
103_3	75	0	0	0	0	0	0	
103_3	77	1	0	0	0	0	0	
103_3	78	1	0	0	0	0	0	
103_3	79	1	0	0	0	0	0	
103_3	80	0	3	50006	0	5	3	
103_3	81	0	0	0	1	0	0	
103_3	82	0	1	24001	0	0	0	
103_3	83	0	0	0	1	0	0	
103_3	84	0	3	50006	0	5	3	
103_3	85	0	0	0	0	0	0	
103_3	86	0	0	0	1	0	0	
103_3	88	1	0	0	0	0	0	
103_3	89	1	0	0	0	0	0	
103_3	90	1	0	0	0	0	0	
103_3	91	0	3	50006	0	5	3	
103_3	92	0	0	0	0	0	0	
103_3	93	0	0	0	0	0	0	
103_3	94	0	3	50006	0	5	3	
103_3	95	0	3	50006	0	5	3	
103_3	96	0	0	0	0	0	0	
103_3	97	0	0	0	1	0	0	
103_3	99	0	0	0	1	0	0	
103_3	100	0	0	0	1	0	0	
103_3	101	0	0	0	1	0	0	
103_3	102	0	0	0	1	0	0	
103_3	103	0	0	0	1	0	0	
103_3	104	0	0	0	1	0	0	
103_3	105	0	0	0	1	0	0	
103_3	106	0	0	0	1	0	0	
103_3	107	0	0	0	1	0	0	
104_3	6	0	0	0	1	0	0	
104_3	9	0	0	0	1	0	0	
104_3	10	0	0	0	1	0	0	
104_3	16	0	0	0	1	0	0	
104_3	17	0	0	0	1	0	0	
104_3	18	0	0	0	1	0	0	
104_3	20	0	0	0	1	0	0	
104_3	21	0	0	0	1	0	0	
104_3	26	0	0	0	0	0	0	
104_3	27	0	0	0	0	0	0	
104_3	28	0	3	50006	0	5	3	
104_3	29	0	3	50006	0	5	3	
104_3	30	0	1	24001	0	0	0	
104_3	36	0	0	0	0	0	0	
104_3	37	0	0	0	0	0	0	
104_3	38	0	0	0	0	0	0	
104_3	39	0	3	50006	0	5	3	
104_3	40	0	3	50006	0	5	3	
104_3	41	0	1	24001	0	0	0	
104_3	42	0	0	0	1	0	0	
104_3	44	0	0	0	1	0	0	
104_3	45	0	0	0	1	0	0	
104_3	46	0	0	0	0	0	0	
104_3	47	0	0	0	0	0	0	
104_3	48	0	0	0	0	0	0	
104_3	49	0	0	0	1	0	0	
104_3	50	0	0	0	1	0	0	
104_3	51	0	0	0	1	0	0	
104_3	52	1	2	63003	0	0	0	
104_3	53	1	0	0	0	0	0	
104_3	54	1	0	0	0	0	0	
104_3	55	0	0	0	1	0	0	
104_3	56	0	0	0	1	0	0	
104_3	57	0	0	0	0	0	0	
104_3	58	0	0	0	0	0	0	
104_3	59	0	1	24001	0	0	0	
104_3	60	0	0	0	1	0	0	
104_3	61	0	0	0	1	0	0	
104_3	62	0	0	0	1	0	0	
104_3	63	1	0	0	0	0	0	
104_3	64	1	0	0	0	0	0	
104_3	65	1	0	0	0	0	0	
104_3	69	0	1	24001	0	0	0	
104_3	70	0	1	24001	0	0	0	
104_3	71	0	3	50006	0	5	3	
104_3	72	0	3	50006	0	5	3	
104_3	73	0	1	25004	0	0	0	
104_3	74	0	1	25005	0	0	0	
104_3	75	0	0	0	1	0	0	
104_3	81	0	0	0	0	0	0	
104_3	82	0	0	0	0	0	0	
104_3	83	0	3	50006	0	5	3	
104_3	84	0	3	50006	0	5	3	
104_3	85	0	0	0	0	0	0	
104_3	93	0	0	0	1	0	0	
104_3	94	0	0	0	1	0	0	
104_3	95	0	0	0	1	0	0	
104_3	97	0	0	0	1	0	0	
104_3	98	0	0	0	1	0	0	
104_3	105	0	0	0	1	0	0	
104_3	108	0	0	0	1	0	0	
104_3	109	0	0	0	1	0	0	
105_3	2	0	0	0	1	0	0	
105_3	3	0	0	0	1	0	0	
105_3	4	0	0	0	1	0	0	
105_3	5	0	0	0	1	0	0	
105_3	6	0	0	0	1	0	0	
105_3	7	0	0	0	0	0	0	
105_3	12	0	0	0	0	0	0	
105_3	13	0	0	0	0	0	0	
105_3	14	0	0	0	0	0	0	
105_3	15	0	0	0	0	0	0	
105_3	16	0	3	50007	0	5	3	
105_3	17	0	3	50007	0	5	3	
105_3	21	0	0	0	1	0	0	
105_3	22	0	1	24001	0	0	0	
105_3	23	0	1	24001	0	0	0	
105_3	24	0	0	0	0	0	0	
105_3	25	0	0	0	0	0	0	
105_3	26	0	3	50007	0	5	3	
105_3	27	0	3	50007	0	5	3	
105_3	28	0	3	50007	0	5	3	
105_3	31	0	0	0	1	0	0	
105_3	32	0	0	0	0	0	0	
105_3	33	0	0	0	0	0	0	
105_3	34	0	0	0	1	0	0	
105_3	35	0	0	0	1	0	0	
105_3	36	0	0	0	1	0	0	
105_3	37	0	1	24001	0	0	0	
105_3	38	0	0	0	0	0	0	
105_3	41	0	0	0	1	0	0	
105_3	42	0	0	0	0	0	0	
105_3	43	0	0	0	0	0	0	
105_3	46	0	0	0	1	0	0	
105_3	47	0	1	24001	0	0	0	
105_3	48	0	1	24001	0	0	0	
105_3	51	0	0	0	1	0	0	
105_3	52	0	3	50007	0	5	3	
105_3	53	0	0	0	0	0	0	
105_3	56	0	0	0	1	0	0	
105_3	57	0	1	25005	0	0	0	
105_3	58	0	1	25005	0	0	0	
105_3	61	0	3	50007	0	5	3	
105_3	62	0	3	50007	0	5	3	
105_3	63	0	3	50007	0	5	3	
105_3	66	0	0	0	1	0	0	
105_3	67	0	0	0	0	0	0	
105_3	68	0	0	0	0	0	0	
105_3	70	0	0	0	1	0	0	
105_3	71	0	0	0	0	0	0	
105_3	72	0	0	0	0	0	0	
105_3	77	0	0	0	0	0	0	
105_3	78	0	0	0	0	0	0	
105_3	79	0	0	0	1	0	0	
105_3	80	1	0	0	0	0	0	
105_3	81	1	0	0	0	0	0	
105_3	82	1	0	0	0	0	0	
105_3	87	0	0	0	0	0	0	
105_3	88	0	2	63004	0	0	0	
105_3	89	0	0	0	0	0	0	
105_3	90	1	0	0	0	0	0	
105_3	91	1	0	0	0	0	0	
105_3	92	1	0	0	0	0	0	
105_3	94	0	0	0	1	0	0	
105_3	95	0	0	0	1	0	0	
105_3	97	0	0	0	0	0	0	
105_3	98	0	0	0	0	0	0	
105_3	99	0	0	0	0	0	0	
105_3	100	1	0	0	0	0	0	
105_3	101	1	0	0	0	0	0	
105_3	102	1	0	0	0	0	0	
105_3	104	0	0	0	1	0	0	
105_3	105	0	0	0	1	0	0	
105_3	107	0	0	0	1	0	0	
105_3	108	0	0	0	1	0	0	
105_3	109	0	0	0	1	0	0	
106_3	0	0	0	0	1	0	0	
106_3	1	1	0	0	0	0	0	
106_3	2	0	0	0	1	0	0	
106_3	3	0	0	0	1	0	0	
106_3	4	0	0	0	1	0	0	
106_3	5	0	0	0	0	0	0	
106_3	6	0	0	0	0	0	0	
106_3	7	0	0	0	0	0	0	
106_3	10	0	0	0	1	0	0	
106_3	11	1	0	0	0	0	0	
106_3	12	1	0	0	0	0	0	
106_3	13	1	0	0	0	0	0	
106_3	14	0	0	0	0	0	0	
106_3	15	0	0	0	0	0	0	
106_3	16	0	0	0	0	0	0	
106_3	17	0	3	50007	0	5	3	
106_3	18	0	3	50007	0	5	3	
106_3	20	0	0	0	1	0	0	
106_3	21	1	0	0	0	0	0	
106_3	22	1	0	0	0	0	0	
106_3	23	1	0	0	0	0	0	
106_3	24	0	0	0	1	0	0	
106_3	25	0	0	0	1	0	0	
106_3	26	0	0	0	1	0	0	
106_3	27	0	0	0	1	0	0	
106_3	28	0	3	50007	0	5	3	
106_3	29	0	3	50007	0	5	3	
106_3	37	0	0	0	1	0	0	
106_3	38	0	3	50007	0	5	3	
106_3	39	0	0	0	0	0	0	
106_3	41	0	0	0	1	0	0	
106_3	42	0	0	0	1	0	0	
106_3	43	0	0	0	1	0	0	
106_3	44	0	0	0	1	0	0	
106_3	45	0	0	0	1	0	0	
106_3	47	0	0	0	1	0	0	
106_3	48	0	0	0	0	0	0	
106_3	49	0	0	0	0	0	0	
106_3	50	0	0	0	1	0	0	
106_3	51	0	0	0	0	0	0	
106_3	52	0	0	0	0	0	0	
106_3	53	0	2	63005	0	0	0	
106_3	54	0	0	0	1	0	0	
106_3	55	0	0	0	1	0	0	
106_3	57	0	0	0	1	0	0	
106_3	58	0	1	24001	0	0	0	
106_3	59	0	0	0	0	0	0	
106_3	60	0	0	0	1	0	0	
106_3	61	0	1	25005	0	0	0	
106_3	62	0	1	25005	0	0	0	
106_3	63	0	0	0	0	0	0	
106_3	64	0	0	0	0	0	0	
106_3	65	0	0	0	1	0	0	
106_3	67	0	0	0	1	0	0	
106_3	68	0	1	24001	0	0	0	
106_3	69	0	0	0	0	0	0	
106_3	70	0	0	0	1	0	0	
106_3	71	0	3	50007	0	5	3	
106_3	72	0	3	50007	0	5	3	
106_3	77	0	0	0	1	0	0	
106_3	78	0	0	0	0	0	0	
106_3	79	0	0	0	0	0	0	
106_3	80	0	0	0	1	0	0	
106_3	81	0	3	50007	0	5	3	
106_3	82	0	3	50007	0	5	3	
106_3	83	0	0	0	0	0	0	
106_3	84	0	1	24001	0	0	0	
106_3	85	0	1	24001	0	0	0	
106_3	86	0	0	0	0	0	0	
106_3	87	0	0	0	0	0	0	
106_3	88	0	0	0	0	0	0	
106_3	89	0	0	0	0	0	0	
106_3	90	0	0	0	1	0	0	
106_3	91	0	0	0	0	0	0	
106_3	92	0	0	0	0	0	0	
106_3	93	0	0	0	0	0	0	
106_3	94	0	0	0	0	0	0	
106_3	95	0	0	0	0	0	0	
106_3	96	0	0	0	0	0	0	
106_3	97	0	0	0	0	0	0	
106_3	98	0	0	0	0	0	0	
106_3	99	0	0	0	0	0	0	
106_3	102	0	0	0	1	0	0	
106_3	103	0	0	0	1	0	0	
106_3	104	0	0	0	1	0	0	
106_3	105	0	0	0	1	0	0	
106_3	106	0	0	0	1	0	0	
106_3	107	0	0	0	1	0	0	
106_3	108	0	0	0	1	0	0	
107_3	0	1	0	0	0	0	0	
107_3	1	1	0	0	0	0	0	
107_3	2	0	0	0	1	0	0	
107_3	8	0	0	0	0	0	0	
107_3	9	1	0	0	0	0	0	
107_3	10	1	0	0	0	0	0	
107_3	12	1	0	0	0	0	0	
107_3	13	0	0	0	0	0	0	
107_3	14	0	0	0	0	0	0	
107_3	18	0	0	0	0	0	0	
107_3	19	0	0	0	0	0	0	
107_3	20	1	0	0	0	0	0	
107_3	24	0	3	50008	0	6	4	
107_3	25	0	3	50008	0	6	4	
107_3	26	0	0	0	0	0	0	
107_3	28	0	3	50008	0	6	4	
107_3	29	0	3	50008	0	6	4	
107_3	30	0	0	0	1	0	0	
107_3	36	0	1	24001	0	0	0	
107_3	37	0	1	24001	0	0	0	
107_3	38	0	1	24001	0	0	0	
107_3	39	0	0	0	0	0	0	
107_3	40	0	0	0	0	0	0	
107_3	44	0	0	0	1	0	0	
107_3	48	0	3	50008	0	6	4	
107_3	49	0	3	50008	0	6	4	
107_3	50	0	3	50008	0	6	4	
107_3	53	0	0	0	1	0	0	
107_3	54	0	0	0	1	0	0	
107_3	55	0	0	0	1	0	0	
107_3	56	0	0	0	1	0	0	
107_3	58	0	3	50008	0	6	4	
107_3	59	0	1	25005	0	0	0	
107_3	60	0	1	25005	0	0	0	
107_3	61	0	1	24001	0	0	0	
107_3	62	0	3	50008	0	6	4	
107_3	64	0	0	0	1	0	0	
107_3	69	0	0	0	0	0	0	
107_3	70	0	0	0	0	0	0	
107_3	71	0	0	0	0	0	0	
107_3	72	0	0	0	0	0	0	
107_3	73	0	0	0	0	0	0	
107_3	79	0	0	0	1	0	0	
107_3	80	0	0	0	0	0	0	
107_3	81	0	0	0	1	0	0	
107_3	82	0	1	24001	0	0	0	
107_3	83	0	0	0	1	0	0	
107_3	84	0	0	0	0	0	0	
107_3	85	0	0	0	1	0	0	
107_3	89	0	0	0	1	0	0	
107_3	90	0	0	0	0	0	0	
107_3	91	0	0	0	0	0	0	
107_3	92	0	0	0	0	0	0	
107_3	93	0	2	63005	0	0	0	
107_3	94	0	0	0	0	0	0	
107_3	95	0	0	0	0	0	0	
107_3	96	0	0	0	0	0	0	
107_3	97	0	0	0	1	0	0	
107_3	99	0	0	0	1	0	0	
107_3	100	0	0	0	0	0	0	
107_3	101	0	0	0	0	0	0	
107_3	102	0	0	0	0	0	0	
107_3	103	0	0	0	0	0	0	
107_3	104	0	0	0	1	0	0	
107_3	105	0	0	0	0	0	0	
107_3	106	0	0	0	0	0	0	
107_3	107	0	0	0	0	0	0	
107_3	108	0	0	0	0	0	0	
107_3	109	0	0	0	1	0	0	
108_3	0	0	0	0	1	0	0	
108_3	1	1	0	0	0	0	0	
108_3	2	1	0	0	0	0	0	
108_3	3	0	0	0	0	0	0	
108_3	4	0	0	0	0	0	0	
108_3	5	0	0	0	0	0	0	
108_3	6	0	0	0	0	0	0	
108_3	7	0	0	0	0	0	0	
108_3	8	0	3	50008	0	6	4	
108_3	9	0	3	50008	0	6	4	
108_3	10	0	0	0	1	0	0	
108_3	11	1	0	0	0	0	0	
108_3	12	0	0	0	0	0	0	
108_3	13	0	0	0	0	0	0	
108_3	14	0	0	0	0	0	0	
108_3	15	0	0	0	0	0	0	
108_3	16	0	0	0	0	0	0	
108_3	17	0	0	0	0	0	0	
108_3	18	0	0	0	0	0	0	
108_3	19	0	3	50008	0	6	4	
108_3	20	0	3	50008	0	6	4	
108_3	21	0	0	0	0	0	0	
108_3	22	0	0	0	1	0	0	
108_3	23	1	0	0	0	0	0	
108_3	24	0	0	0	0	0	0	
108_3	25	0	0	0	1	0	0	
108_3	31	0	0	0	0	0	0	
108_3	32	0	0	0	0	0	0	
108_3	35	0	0	0	0	0	0	
108_3	36	0	0	0	0	0	0	
108_3	37	0	0	0	1	0	0	
108_3	42	0	0	0	0	0	0	
108_3	43	0	0	0	0	0	0	
108_3	46	0	0	0	0	0	0	
108_3	47	0	0	0	0	0	0	
108_3	48	0	0	0	0	0	0	
108_3	49	0	0	0	1	0	0	
108_3	53	0	0	0	1	0	0	
108_3	54	0	0	0	0	0	0	
108_3	58	0	3	50008	0	6	4	
108_3	59	0	3	50008	0	6	4	
108_3	60	0	3	50008	0	6	4	
108_3	61	0	0	0	1	0	0	
108_3	64	0	0	0	0	0	0	
108_3	65	0	0	0	0	0	0	
108_3	66	0	0	0	1	0	0	
108_3	67	0	0	0	1	0	0	
108_3	70	0	3	50008	0	6	4	
108_3	71	0	3	50008	0	6	4	
108_3	72	0	0	0	0	0	0	
108_3	73	0	0	0	1	0	0	
108_3	75	0	1	24001	0	0	0	
108_3	76	0	1	24001	0	0	0	
108_3	77	0	0	0	1	0	0	
108_3	79	0	0	0	1	0	0	
108_3	82	0	1	24001	0	0	0	
108_3	83	0	1	24001	0	0	0	
108_3	84	0	1	25005	0	0	0	
108_3	85	0	0	0	0	0	0	
108_3	86	0	0	0	0	0	0	
108_3	87	0	0	0	0	0	0	
108_3	88	0	0	0	1	0	0	
108_3	89	0	0	0	1	0	0	
108_3	91	0	0	0	1	0	0	
108_3	94	0	0	0	0	0	0	
108_3	95	0	1	25005	0	0	0	
108_3	96	0	1	24001	0	0	0	
108_3	97	0	2	63005	0	0	0	
108_3	98	0	0	0	0	0	0	
108_3	99	0	0	0	1	0	0	
108_3	100	0	0	0	1	0	0	
108_3	101	0	0	0	1	0	0	
108_3	102	0	0	0	1	0	0	
108_3	107	0	0	0	1	0	0	
108_3	108	0	0	0	0	0	0	
108_3	109	0	0	0	0	0	0	
109_3	0	0	0	0	1	0	0	
109_3	1	0	0	0	0	0	0	
109_3	2	0	0	0	0	0	0	
109_3	3	0	0	0	0	0	0	
109_3	4	0	0	0	0	0	0	
109_3	5	0	0	0	0	0	0	
109_3	6	0	0	0	0	0	0	
109_3	7	0	0	0	0	0	0	
109_3	8	0	0	0	0	0	0	
109_3	9	0	0	0	0	0	0	
109_3	10	0	0	0	1	0	0	
109_3	11	0	0	0	0	0	0	
109_3	12	0	0	0	0	0	0	
109_3	13	0	0	0	0	0	0	
109_3	14	0	0	0	0	0	0	
109_3	15	0	1	24001	0	0	0	
109_3	16	0	1	24001	0	0	0	
109_3	17	0	1	24001	0	0	0	
109_3	18	0	0	0	0	0	0	
109_3	19	0	0	0	0	0	0	
109_3	20	0	0	0	0	0	0	
109_3	21	0	0	0	1	0	0	
109_3	22	0	3	50009	0	6	4	
109_3	23	0	3	50009	0	6	4	
109_3	24	0	0	0	1	0	0	
109_3	25	0	0	0	1	0	0	
109_3	30	0	0	0	0	0	0	
109_3	31	0	0	0	0	0	0	
109_3	32	0	0	0	0	0	0	
109_3	33	0	3	50009	0	6	4	
109_3	34	0	3	50009	0	6	4	
109_3	35	0	3	50009	0	6	4	
109_3	38	0	0	0	1	0	0	
109_3	39	0	0	0	1	0	0	
109_3	42	0	0	0	0	0	0	
109_3	43	0	0	0	0	0	0	
109_3	44	0	0	0	1	0	0	
109_3	45	0	0	0	0	0	0	
109_3	46	0	0	0	0	0	0	
109_3	48	0	0	0	1	0	0	
109_3	49	0	0	0	1	0	0	
109_3	50	0	0	0	1	0	0	
109_3	53	0	0	0	0	0	0	
109_3	54	0	0	0	0	0	0	
109_3	55	0	0	0	1	0	0	
109_3	56	0	0	0	0	0	0	
109_3	57	0	0	0	0	0	0	
109_3	60	0	0	0	1	0	0	
109_3	61	0	0	0	1	0	0	
109_3	64	0	3	50009	0	6	4	
109_3	65	0	3	50009	0	6	4	
109_3	66	0	0	0	1	0	0	
109_3	67	0	0	0	0	0	0	
109_3	68	0	0	0	0	0	0	
109_3	74	0	3	50009	0	6	4	
109_3	75	0	3	50009	0	6	4	
109_3	76	0	3	50009	0	6	4	
109_3	78	1	0	0	0	0	0	
109_3	79	0	0	0	0	0	0	
109_3	80	1	0	0	0	0	0	
109_3	82	0	0	0	0	0	0	
109_3	83	0	0	0	0	0	0	
109_3	84	0	1	24001	0	0	0	
109_3	85	0	1	25002	0	0	0	
109_3	86	0	1	25006	0	0	0	
109_3	87	0	0	0	1	0	0	
109_3	89	1	0	0	0	0	0	
109_3	90	0	0	0	0	0	0	
109_3	91	1	0	0	0	0	0	
109_3	93	0	0	0	0	0	0	
109_3	94	0	2	63005	0	0	0	
109_3	95	0	0	0	0	0	0	
109_3	96	0	1	24001	0	0	0	
109_3	97	0	0	0	0	0	0	
109_3	100	0	0	0	1	0	0	
109_3	101	1	0	0	0	0	0	
109_3	102	0	0	0	1	0	0	
109_3	104	0	0	0	0	0	0	
109_3	105	0	0	0	0	0	0	
109_3	106	0	0	0	0	0	0	
109_3	107	0	0	0	0	0	0	
109_3	108	0	0	0	1	0	0	
110_3	1	0	0	0	1	0	0	
110_3	2	0	0	0	1	0	0	
110_3	3	0	0	0	0	0	0	
110_3	4	0	0	0	0	0	0	
110_3	5	0	0	0	0	0	0	
110_3	6	0	0	0	0	0	0	
110_3	7	0	0	0	0	0	0	
110_3	8	0	0	0	1	0	0	
110_3	9	0	0	0	1	0	0	
110_3	11	0	0	0	1	0	0	
110_3	12	0	0	0	0	0	0	
110_3	13	0	0	0	0	0	0	
110_3	14	0	0	0	0	0	0	
110_3	15	0	0	0	0	0	0	
110_3	16	0	0	0	1	0	0	
110_3	17	0	0	0	0	0	0	
110_3	18	0	0	0	0	0	0	
110_3	19	0	0	0	0	0	0	
110_3	20	0	0	0	0	0	0	
110_3	21	0	0	0	1	0	0	
110_3	22	0	0	0	0	0	0	
110_3	23	0	0	0	0	0	0	
110_3	24	0	3	50009	0	6	4	
110_3	25	0	0	0	1	0	0	
110_3	29	0	0	0	1	0	0	
110_3	30	0	0	0	0	0	0	
110_3	31	0	0	0	0	0	0	
110_3	32	0	0	0	0	0	0	
110_3	33	0	0	0	0	0	0	
110_3	34	0	3	50009	0	6	4	
110_3	35	0	3	50009	0	6	4	
110_3	36	0	3	50009	0	6	4	
110_3	37	0	0	0	0	0	0	
110_3	38	0	0	0	0	0	0	
110_3	39	0	0	0	0	0	0	
110_3	40	0	1	25003	0	0	0	
110_3	41	0	3	50009	0	6	4	
110_3	42	0	3	50009	0	6	4	
110_3	43	0	3	50009	0	6	4	
110_3	44	0	0	0	0	0	0	
110_3	45	0	0	0	0	0	0	
110_3	47	0	3	50009	0	6	4	
110_3	48	0	0	0	0	0	0	
110_3	49	0	2	63005	0	0	0	
110_3	50	0	1	24001	0	0	0	
110_3	51	0	1	25006	0	0	0	
110_3	53	0	3	50009	0	6	4	
110_3	54	0	3	50009	0	6	4	
110_3	55	0	1	24001	0	0	0	
110_3	56	0	1	24001	0	0	0	
110_3	59	0	0	0	0	0	0	
110_3	60	0	0	0	0	0	0	
110_3	61	0	0	0	0	0	0	
110_3	64	0	1	24001	0	0	0	
110_3	65	0	1	24001	0	0	0	
110_3	66	0	0	0	0	0	0	
110_3	67	0	0	0	0	0	0	
110_3	68	0	0	0	1	0	0	
110_3	69	0	0	0	1	0	0	
110_3	73	0	0	0	1	0	0	
110_3	74	0	0	0	1	0	0	
110_3	75	0	0	0	0	0	0	
110_3	76	0	0	0	0	0	0	
110_3	77	0	0	0	0	0	0	
110_3	78	0	0	0	0	0	0	
110_3	79	0	0	0	0	0	0	
110_3	80	0	0	0	0	0	0	
110_3	81	0	0	0	1	0	0	
110_3	82	0	0	0	1	0	0	
110_3	83	0	0	0	1	0	0	
110_3	84	0	0	0	0	0	0	
110_3	85	0	0	0	0	0	0	
110_3	86	0	0	0	0	0	0	
110_3	87	0	0	0	0	0	0	
110_3	88	0	0	0	0	0	0	
110_3	89	0	0	0	0	0	0	
110_3	90	0	0	0	0	0	0	
110_3	91	0	0	0	0	0	0	
110_3	92	0	0	0	0	0	0	
110_3	93	0	0	0	0	0	0	
110_3	94	0	0	0	0	0	0	
110_3	95	0	0	0	0	0	0	
110_3	96	0	0	0	0	0	0	
110_3	97	0	0	0	0	0	0	
110_3	98	0	0	0	0	0	0	
110_3	100	0	0	0	1	0	0	
110_3	101	0	0	0	0	0	0	
110_3	102	0	0	0	0	0	0	
110_3	103	1	0	0	0	0	0	
110_3	104	1	0	0	0	0	0	
110_3	105	1	0	0	0	0	0	
110_3	106	0	0	0	0	0	0	
110_3	107	0	0	0	0	0	0	
110_3	108	0	0	0	1	0	0	
111_3	0	0	0	0	0	0	0	
111_3	1	0	0	0	0	0	0	
111_3	2	0	0	0	0	0	0	
111_3	3	0	0	0	0	0	0	
111_3	4	0	0	0	1	0	0	
111_3	5	0	0	0	1	0	0	
111_3	6	0	0	0	1	0	0	
111_3	7	0	0	0	0	0	0	
111_3	8	0	0	0	0	0	0	
111_3	9	0	0	0	0	0	0	
111_3	10	0	0	0	1	0	0	
111_3	12	0	0	0	0	0	0	
111_3	13	0	0	0	0	0	0	
111_3	14	0	0	0	0	0	0	
111_3	15	0	0	0	0	0	0	
111_3	16	0	2	63005	0	0	0	
111_3	17	0	0	0	0	0	0	
111_3	18	0	0	0	0	0	0	
111_3	19	0	0	0	0	0	0	
111_3	20	0	0	0	0	0	0	
111_3	25	0	3	50010	0	6	4	
111_3	26	0	1	24001	0	0	0	
111_3	27	0	1	25003	0	0	0	
111_3	28	0	1	25006	0	0	0	
111_3	29	0	0	0	0	0	0	
111_3	33	0	0	0	1	0	0	
111_3	34	0	0	0	1	0	0	
111_3	37	0	1	24001	0	0	0	
111_3	38	0	3	50010	0	6	4	
111_3	39	0	3	50010	0	6	4	
111_3	42	0	0	0	1	0	0	
111_3	43	0	0	0	1	0	0	
111_3	45	0	0	0	1	0	0	
111_3	46	0	0	0	1	0	0	
111_3	49	0	3	50010	0	6	4	
111_3	52	0	0	0	1	0	0	
111_3	53	0	0	0	1	0	0	
111_3	57	0	0	0	1	0	0	
111_3	58	0	0	0	1	0	0	
111_3	60	0	3	50010	0	6	4	
111_3	62	0	0	0	1	0	0	
111_3	63	0	0	0	1	0	0	
111_3	66	0	0	0	1	0	0	
111_3	71	0	3	50010	0	6	4	
111_3	76	0	0	0	1	0	0	
111_3	77	1	0	0	0	0	0	
111_3	78	1	0	0	0	0	0	
111_3	81	0	1	24001	0	0	0	
111_3	82	0	0	0	0	0	0	
111_3	83	0	1	24001	0	0	0	
111_3	86	0	0	0	1	0	0	
111_3	87	1	0	0	0	0	0	
111_3	88	0	0	0	1	0	0	
111_3	89	0	0	0	0	0	0	
111_3	90	0	0	0	0	0	0	
111_3	91	0	3	50010	0	6	4	
111_3	92	0	0	0	0	0	0	
111_3	93	0	1	24001	0	0	0	
111_3	94	0	0	0	0	0	0	
111_3	95	0	3	50010	0	6	4	
111_3	96	0	0	0	0	0	0	
111_3	97	0	0	0	0	0	0	
111_3	98	1	0	0	0	0	0	
111_3	99	0	0	0	1	0	0	
111_3	100	1	0	0	0	0	0	
111_3	101	0	3	50010	0	6	4	
111_3	102	0	0	0	0	0	0	
111_3	103	0	0	0	0	0	0	
111_3	104	0	0	0	1	0	0	
111_3	105	0	0	0	0	0	0	
111_3	106	0	3	50010	0	6	4	
111_3	107	0	0	0	0	0	0	
111_3	108	1	0	0	0	0	0	
111_3	109	1	0	0	0	0	0	
112_3	4	0	0	0	1	0	0	
112_3	5	0	0	0	0	0	0	
112_3	6	0	0	0	1	0	0	
112_3	13	0	0	0	0	0	0	
112_3	14	0	0	0	0	0	0	
112_3	15	0	0	0	0	0	0	
112_3	16	0	2	63005	0	0	0	
112_3	17	0	0	0	0	0	0	
112_3	18	0	0	0	0	0	0	
112_3	19	0	0	0	0	0	0	
112_3	23	0	0	0	1	0	0	
112_3	24	0	1	24001	0	0	0	
112_3	25	0	1	24001	0	0	0	
112_3	26	0	1	24001	0	0	0	
112_3	27	0	1	25004	0	0	0	
112_3	28	0	1	25006	0	0	0	
112_3	29	0	1	24001	0	0	0	
112_3	30	0	1	24001	0	0	0	
112_3	31	0	0	0	1	0	0	
112_3	33	0	0	0	1	0	0	
112_3	34	0	3	50010	0	6	4	
112_3	35	0	1	24001	0	0	0	
112_3	41	0	0	0	0	0	0	
112_3	42	0	0	0	0	0	0	
112_3	43	0	0	0	1	0	0	
112_3	44	0	3	50010	0	6	4	
112_3	45	0	3	50010	0	6	4	
112_3	47	0	0	0	1	0	0	
112_3	48	0	0	0	1	0	0	
112_3	50	0	0	0	1	0	0	
112_3	51	0	0	0	1	0	0	
112_3	53	0	3	50010	0	6	4	
112_3	54	0	3	50010	0	6	4	
112_3	55	0	3	50010	0	6	4	
112_3	56	0	3	50010	0	6	4	
112_3	58	0	0	0	1	0	0	
112_3	62	0	0	0	1	0	0	
112_3	64	0	3	50010	0	6	4	
112_3	65	0	3	50010	0	6	4	
112_3	66	0	0	0	0	0	0	
112_3	67	0	0	0	0	0	0	
112_3	68	0	0	0	0	0	0	
112_3	71	0	0	0	1	0	0	
112_3	74	0	0	0	0	0	0	
112_3	75	0	3	50010	0	6	4	
112_3	78	0	0	0	0	0	0	
112_3	79	0	0	0	0	0	0	
112_3	80	0	0	0	0	0	0	
112_3	81	0	0	0	1	0	0	
112_3	82	0	0	0	0	0	0	
112_3	83	0	0	0	1	0	0	
112_3	84	0	0	0	0	0	0	
112_3	85	0	0	0	0	0	0	
112_3	90	0	0	0	0	0	0	
112_3	91	0	0	0	0	0	0	
112_3	92	0	0	0	0	0	0	
112_3	93	0	0	0	0	0	0	
112_3	94	0	0	0	0	0	0	
112_3	95	0	0	0	0	0	0	
112_3	96	0	0	0	0	0	0	
112_3	103	1	0	0	0	0	0	
112_3	104	1	0	0	0	0	0	
112_3	105	1	0	0	0	0	0	
101_4	4	0	0	0	1	0	0	
101_4	5	0	0	0	1	0	0	
101_4	6	0	0	0	1	0	0	
101_4	7	0	0	0	1	0	0	
101_4	8	0	0	0	1	0	0	
101_4	14	0	0	0	1	0	0	
101_4	15	0	0	0	0	0	0	
101_4	16	0	3	50011	0	7	5	
101_4	17	0	3	50011	0	7	5	
101_4	18	0	3	50011	0	7	5	
101_4	19	0	3	50011	0	7	5	
101_4	20	0	0	0	1	0	0	
101_4	25	0	0	0	1	0	0	
101_4	26	0	3	50011	0	7	5	
101_4	27	0	3	50011	0	7	5	
101_4	28	0	0	0	0	0	0	
101_4	29	0	1	24001	0	0	0	
101_4	30	0	0	0	0	0	0	
101_4	31	0	0	0	1	0	0	
101_4	35	0	0	0	1	0	0	
101_4	36	0	0	0	1	0	0	
101_4	37	0	1	24001	0	0	0	
101_4	38	0	1	24001	0	0	0	
101_4	39	0	0	0	1	0	0	
101_4	40	0	3	50011	0	7	5	
101_4	41	0	3	50011	0	7	5	
101_4	42	0	0	0	1	0	0	
101_4	46	0	0	0	1	0	0	
101_4	47	0	0	0	1	0	0	
101_4	48	0	1	24001	0	0	0	
101_4	49	0	0	0	0	0	0	
101_4	50	0	0	0	1	0	0	
101_4	51	0	1	24001	0	0	0	
101_4	52	0	1	24001	0	0	0	
101_4	53	0	0	0	1	0	0	
101_4	55	0	0	0	1	0	0	
101_4	56	1	0	0	0	0	0	
101_4	57	0	0	0	0	0	0	
101_4	58	0	1	24001	0	0	0	
101_4	59	0	3	50011	0	7	5	
101_4	60	0	3	50011	0	7	5	
101_4	61	0	0	0	1	0	0	
101_4	62	0	1	25004	0	0	0	
101_4	63	0	1	25006	0	0	0	
101_4	64	0	0	0	1	0	0	
101_4	66	1	0	0	0	0	0	
101_4	67	1	0	0	0	0	0	
101_4	68	0	0	0	0	0	0	
101_4	69	0	0	0	0	0	0	
101_4	70	0	0	0	0	0	0	
101_4	71	0	0	0	0	0	0	
101_4	72	0	0	0	1	0	0	
101_4	73	0	0	0	1	0	0	
101_4	74	0	3	50011	0	7	5	
101_4	75	0	0	0	1	0	0	
101_4	78	1	0	0	0	0	0	
101_4	79	0	0	0	0	0	0	
101_4	80	0	0	0	0	0	0	
101_4	81	0	0	0	0	0	0	
101_4	82	0	0	0	1	0	0	
101_4	83	0	0	0	1	0	0	
101_4	84	0	0	0	0	0	0	
101_4	85	0	2	63001	0	0	0	
101_4	86	0	0	0	0	0	0	
101_4	87	0	0	0	1	0	0	
101_4	89	1	0	0	0	0	0	
101_4	90	1	0	0	0	0	0	
101_4	91	0	0	0	0	0	0	
101_4	92	0	0	0	1	0	0	
101_4	95	0	0	0	1	0	0	
101_4	96	0	0	0	0	0	0	
101_4	97	0	0	0	1	0	0	
101_4	102	0	0	0	1	0	0	
101_4	103	0	0	0	1	0	0	
102_4	0	0	0	0	1	0	0	
102_4	1	0	0	0	1	0	0	
102_4	2	1	0	0	0	0	0	
102_4	3	0	0	0	1	0	0	
102_4	6	0	0	0	1	0	0	
102_4	8	0	0	0	1	0	0	
102_4	10	0	0	0	1	0	0	
102_4	11	1	0	0	0	0	0	
102_4	12	1	0	0	0	0	0	
102_4	13	1	0	0	0	0	0	
102_4	15	0	0	0	0	0	0	
102_4	16	0	0	0	0	0	0	
102_4	17	0	0	0	0	0	0	
102_4	19	0	0	0	1	0	0	
102_4	20	0	0	0	1	0	0	
102_4	21	0	0	0	0	0	0	
102_4	22	0	0	0	0	0	0	
102_4	23	0	0	0	1	0	0	
102_4	24	0	0	0	1	0	0	
102_4	28	0	0	0	1	0	0	
102_4	29	0	0	0	1	0	0	
102_4	30	0	0	0	1	0	0	
102_4	31	0	0	0	0	0	0	
102_4	32	0	0	0	0	0	0	
102_4	33	0	0	0	0	0	0	
102_4	34	0	1	24001	0	0	0	
102_4	35	0	1	24001	0	0	0	
102_4	36	0	0	0	1	0	0	
102_4	37	0	0	0	1	0	0	
102_4	41	0	0	0	0	0	0	
102_4	42	0	0	0	0	0	0	
102_4	43	0	3	50011	0	7	5	
102_4	44	0	3	50011	0	7	5	
102_4	45	0	3	50011	0	7	5	
102_4	46	0	1	24001	0	0	0	
102_4	47	0	0	0	0	0	0	
102_4	48	0	0	0	1	0	0	
102_4	49	0	0	0	1	0	0	
102_4	50	0	0	0	1	0	0	
102_4	51	0	0	0	1	0	0	
102_4	53	0	0	0	1	0	0	
102_4	54	0	3	50011	0	7	5	
102_4	55	0	3	50011	0	7	5	
102_4	56	0	1	24001	0	0	0	
102_4	57	0	1	24001	0	0	0	
102_4	58	0	0	0	1	0	0	
102_4	60	0	0	0	1	0	0	
102_4	62	0	0	0	1	0	0	
102_4	64	0	0	0	1	0	0	
102_4	65	0	0	0	1	0	0	
102_4	66	0	3	50011	0	7	5	
102_4	67	0	3	50011	0	7	5	
102_4	68	0	0	0	1	0	0	
102_4	70	0	0	0	1	0	0	
102_4	71	0	0	0	1	0	0	
102_4	73	0	0	0	1	0	0	
102_4	74	0	0	0	0	0	0	
102_4	75	0	0	0	1	0	0	
102_4	76	0	1	25004	0	0	0	
102_4	77	0	3	50011	0	7	5	
102_4	78	0	3	50011	0	7	5	
102_4	81	0	0	0	1	0	0	
102_4	83	0	0	0	1	0	0	
102_4	84	0	2	63002	0	0	0	
102_4	85	0	1	24001	0	0	0	
102_4	86	0	1	25006	0	0	0	
102_4	87	0	0	0	0	0	0	
102_4	88	0	0	0	1	0	0	
102_4	90	0	0	0	1	0	0	
102_4	91	0	0	0	1	0	0	
102_4	93	0	0	0	1	0	0	
102_4	94	0	0	0	0	0	0	
102_4	95	0	0	0	1	0	0	
102_4	96	0	3	50011	0	7	5	
102_4	97	0	0	0	1	0	0	
102_4	98	0	0	0	1	0	0	
102_4	100	0	0	0	1	0	0	
102_4	101	0	0	0	1	0	0	
102_4	104	0	0	0	1	0	0	
103_4	0	0	0	0	1	0	0	
103_4	1	0	0	0	1	0	0	
103_4	2	0	0	0	1	0	0	
103_4	3	0	0	0	1	0	0	
103_4	4	0	0	0	1	0	0	
103_4	11	0	0	0	1	0	0	
103_4	12	0	0	0	1	0	0	
103_4	13	0	0	0	1	0	0	
103_4	14	0	0	0	1	0	0	
103_4	15	0	0	0	1	0	0	
103_4	22	0	0	0	1	0	0	
103_4	23	0	0	0	1	0	0	
103_4	24	0	0	0	1	0	0	
103_4	25	0	0	0	1	0	0	
103_4	26	0	0	0	1	0	0	
103_4	28	0	0	0	1	0	0	
103_4	29	0	0	0	1	0	0	
103_4	30	0	0	0	1	0	0	
103_4	31	0	0	0	1	0	0	
103_4	32	0	0	0	1	0	0	
103_4	33	0	0	0	1	0	0	
103_4	34	0	0	0	1	0	0	
103_4	35	0	0	0	1	0	0	
103_4	36	0	0	0	1	0	0	
103_4	37	0	0	0	1	0	0	
103_4	39	0	0	0	1	0	0	
103_4	40	0	0	0	0	0	0	
103_4	41	0	2	63003	0	0	0	
103_4	42	0	0	0	0	0	0	
103_4	43	0	0	0	1	0	0	
103_4	50	0	0	0	1	0	0	
103_4	51	0	0	0	0	0	0	
103_4	52	0	1	24001	0	0	0	
103_4	53	0	0	0	0	0	0	
103_4	54	0	0	0	1	0	0	
103_4	55	0	0	0	1	0	0	
103_4	56	0	0	0	1	0	0	
103_4	57	0	0	0	1	0	0	
103_4	58	0	0	0	1	0	0	
103_4	59	0	0	0	1	0	0	
103_4	60	0	0	0	1	0	0	
103_4	61	0	0	0	1	0	0	
103_4	62	0	1	25004	0	0	0	
103_4	63	0	1	25006	0	0	0	
103_4	64	0	0	0	1	0	0	
103_4	66	1	0	0	0	0	0	
103_4	67	1	0	0	0	0	0	
103_4	68	1	0	0	0	0	0	
103_4	69	0	3	50012	0	7	5	
103_4	70	0	3	50012	0	7	5	
103_4	71	0	0	0	0	0	0	
103_4	72	0	0	0	0	0	0	
103_4	73	0	3	50012	0	7	5	
103_4	74	0	1	24001	0	0	0	
103_4	75	0	0	0	0	0	0	
103_4	77	1	0	0	0	0	0	
103_4	78	1	0	0	0	0	0	
103_4	79	1	0	0	0	0	0	
103_4	80	0	3	50012	0	7	5	
103_4	81	0	0	0	1	0	0	
103_4	82	0	1	24001	0	0	0	
103_4	83	0	0	0	1	0	0	
103_4	84	0	3	50012	0	7	5	
103_4	85	0	1	24001	0	0	0	
103_4	86	0	0	0	1	0	0	
103_4	88	1	0	0	0	0	0	
103_4	89	1	0	0	0	0	0	
103_4	90	1	0	0	0	0	0	
103_4	91	0	3	50012	0	7	5	
103_4	92	0	1	24001	0	0	0	
103_4	93	0	3	50012	0	7	5	
103_4	94	0	3	50012	0	7	5	
103_4	95	0	3	50012	0	7	5	
103_4	96	0	3	50012	0	7	5	
103_4	97	0	0	0	1	0	0	
103_4	99	0	0	0	1	0	0	
103_4	100	0	0	0	1	0	0	
103_4	101	0	0	0	1	0	0	
103_4	102	0	0	0	1	0	0	
103_4	103	0	0	0	1	0	0	
103_4	104	0	0	0	1	0	0	
103_4	105	0	0	0	1	0	0	
103_4	106	0	0	0	1	0	0	
103_4	107	0	0	0	1	0	0	
104_4	6	0	0	0	1	0	0	
104_4	9	0	0	0	1	0	0	
104_4	10	0	0	0	1	0	0	
104_4	16	0	0	0	1	0	0	
104_4	17	0	0	0	1	0	0	
104_4	18	0	0	0	1	0	0	
104_4	20	0	0	0	1	0	0	
104_4	21	0	0	0	1	0	0	
104_4	26	0	0	0	0	0	0	
104_4	27	0	3	50012	0	7	5	
104_4	28	0	3	50012	0	7	5	
104_4	29	0	3	50012	0	7	5	
104_4	30	0	1	24001	0	0	0	
104_4	36	0	0	0	0	0	0	
104_4	37	0	1	24001	0	0	0	
104_4	38	0	0	0	0	0	0	
104_4	39	0	3	50012	0	7	5	
104_4	40	0	3	50012	0	7	5	
104_4	41	0	1	24001	0	0	0	
104_4	42	0	0	0	1	0	0	
104_4	44	0	0	0	1	0	0	
104_4	45	0	0	0	1	0	0	
104_4	46	0	0	0	0	0	0	
104_4	47	0	0	0	0	0	0	
104_4	48	0	0	0	0	0	0	
104_4	49	0	0	0	1	0	0	
104_4	50	0	0	0	1	0	0	
104_4	51	0	0	0	1	0	0	
104_4	52	1	2	63003	0	0	0	
104_4	53	1	0	0	0	0	0	
104_4	54	1	0	0	0	0	0	
104_4	55	0	0	0	1	0	0	
104_4	56	0	0	0	1	0	0	
104_4	57	0	0	0	0	0	0	
104_4	58	0	0	0	0	0	0	
104_4	59	0	0	0	0	0	0	
104_4	60	0	0	0	1	0	0	
104_4	61	0	0	0	1	0	0	
104_4	62	0	0	0	1	0	0	
104_4	63	1	0	0	0	0	0	
104_4	64	1	0	0	0	0	0	
104_4	65	1	0	0	0	0	0	
104_4	69	0	1	24001	0	0	0	
104_4	70	0	1	24001	0	0	0	
104_4	71	0	3	50012	0	7	5	
104_4	72	0	3	50012	0	7	5	
104_4	73	0	1	25005	0	0	0	
104_4	74	0	1	25006	0	0	0	
104_4	75	0	0	0	1	0	0	
104_4	81	0	0	0	0	0	0	
104_4	82	0	0	0	0	0	0	
104_4	83	0	3	50012	0	7	5	
104_4	84	0	3	50012	0	7	5	
104_4	85	0	3	50012	0	7	5	
104_4	93	0	0	0	1	0	0	
104_4	94	0	0	0	1	0	0	
104_4	95	0	0	0	1	0	0	
104_4	97	0	0	0	1	0	0	
104_4	98	0	0	0	1	0	0	
104_4	105	0	0	0	1	0	0	
104_4	108	0	0	0	1	0	0	
104_4	109	0	0	0	1	0	0	
105_4	2	0	0	0	1	0	0	
105_4	3	0	0	0	1	0	0	
105_4	4	0	0	0	1	0	0	
105_4	5	0	0	0	1	0	0	
105_4	6	0	0	0	1	0	0	
105_4	7	0	0	0	0	0	0	
105_4	12	0	0	0	0	0	0	
105_4	13	0	0	0	0	0	0	
105_4	14	0	0	0	0	0	0	
105_4	15	0	0	0	0	0	0	
105_4	16	0	3	50013	0	7	5	
105_4	17	0	3	50013	0	7	5	
105_4	21	0	0	0	1	0	0	
105_4	22	0	1	24001	0	0	0	
105_4	23	0	1	24001	0	0	0	
105_4	24	0	0	0	0	0	0	
105_4	25	0	0	0	0	0	0	
105_4	26	0	3	50013	0	7	5	
105_4	27	0	3	50013	0	7	5	
105_4	28	0	3	50013	0	7	5	
105_4	31	0	0	0	1	0	0	
105_4	32	0	0	0	0	0	0	
105_4	33	0	0	0	0	0	0	
105_4	34	0	0	0	1	0	0	
105_4	35	0	0	0	1	0	0	
105_4	36	0	0	0	1	0	0	
105_4	37	0	1	24001	0	0	0	
105_4	38	0	0	0	0	0	0	
105_4	41	0	0	0	1	0	0	
105_4	42	0	0	0	0	0	0	
105_4	43	0	0	0	0	0	0	
105_4	46	0	0	0	1	0	0	
105_4	47	0	1	24001	0	0	0	
105_4	48	0	1	24001	0	0	0	
105_4	51	0	0	0	1	0	0	
105_4	52	0	3	50013	0	7	5	
105_4	53	0	3	50013	0	7	5	
105_4	56	0	0	0	1	0	0	
105_4	57	0	1	25005	0	0	0	
105_4	58	0	1	25006	0	0	0	
105_4	61	0	3	50013	0	7	5	
105_4	62	0	3	50013	0	7	5	
105_4	63	0	3	50013	0	7	5	
105_4	66	0	0	0	1	0	0	
105_4	67	0	0	0	0	0	0	
105_4	68	0	0	0	0	0	0	
105_4	70	0	0	0	1	0	0	
105_4	71	0	0	0	0	0	0	
105_4	72	0	0	0	0	0	0	
105_4	77	0	0	0	0	0	0	
105_4	78	0	0	0	0	0	0	
105_4	79	0	0	0	1	0	0	
105_4	80	1	0	0	0	0	0	
105_4	81	1	0	0	0	0	0	
105_4	82	1	0	0	0	0	0	
105_4	87	0	0	0	0	0	0	
105_4	88	0	2	63004	0	0	0	
105_4	89	0	0	0	0	0	0	
105_4	90	1	0	0	0	0	0	
105_4	91	1	0	0	0	0	0	
105_4	92	1	0	0	0	0	0	
105_4	94	0	0	0	1	0	0	
105_4	95	0	0	0	1	0	0	
105_4	97	0	0	0	0	0	0	
105_4	98	0	0	0	0	0	0	
105_4	99	0	0	0	0	0	0	
105_4	100	1	0	0	0	0	0	
105_4	101	1	0	0	0	0	0	
105_4	102	1	0	0	0	0	0	
105_4	104	0	0	0	1	0	0	
105_4	105	0	0	0	1	0	0	
105_4	107	0	0	0	1	0	0	
105_4	108	0	0	0	1	0	0	
105_4	109	0	0	0	1	0	0	
106_4	0	0	0	0	1	0	0	
106_4	1	1	0	0	0	0	0	
106_4	2	0	0	0	1	0	0	
106_4	3	0	0	0	1	0	0	
106_4	4	0	0	0	1	0	0	
106_4	5	0	0	0	0	0	0	
106_4	6	0	0	0	0	0	0	
106_4	7	0	0	0	0	0	0	
106_4	10	0	0	0	1	0	0	
106_4	11	1	0	0	0	0	0	
106_4	12	1	0	0	0	0	0	
106_4	13	1	0	0	0	0	0	
106_4	14	0	0	0	0	0	0	
106_4	15	0	0	0	0	0	0	
106_4	16	0	0	0	0	0	0	
106_4	17	0	3	50013	0	7	5	
106_4	18	0	3	50013	0	7	5	
106_4	20	0	0	0	1	0	0	
106_4	21	1	0	0	0	0	0	
106_4	22	1	0	0	0	0	0	
106_4	23	1	0	0	0	0	0	
106_4	24	0	0	0	1	0	0	
106_4	25	0	0	0	1	0	0	
106_4	26	0	0	0	1	0	0	
106_4	27	0	0	0	1	0	0	
106_4	28	0	3	50013	0	7	5	
106_4	29	0	3	50013	0	7	5	
106_4	37	0	0	0	1	0	0	
106_4	38	0	3	50013	0	7	5	
106_4	39	0	0	0	0	0	0	
106_4	41	0	0	0	1	0	0	
106_4	42	0	0	0	1	0	0	
106_4	43	0	0	0	1	0	0	
106_4	44	0	0	0	1	0	0	
106_4	45	0	0	0	1	0	0	
106_4	47	0	0	0	1	0	0	
106_4	48	0	0	0	0	0	0	
106_4	49	0	0	0	0	0	0	
106_4	50	0	0	0	1	0	0	
106_4	51	0	0	0	0	0	0	
106_4	52	0	0	0	0	0	0	
106_4	53	0	2	63005	0	0	0	
106_4	54	0	0	0	1	0	0	
106_4	55	0	0	0	1	0	0	
106_4	57	0	0	0	1	0	0	
106_4	58	0	1	24001	0	0	0	
106_4	59	0	0	0	0	0	0	
106_4	60	0	0	0	1	0	0	
106_4	61	0	0	0	0	0	0	
106_4	62	0	0	0	0	0	0	
106_4	63	0	0	0	0	0	0	
106_4	64	0	0	0	0	0	0	
106_4	65	0	0	0	1	0	0	
106_4	67	0	0	0	1	0	0	
106_4	68	0	1	24001	0	0	0	
106_4	69	0	0	0	0	0	0	
106_4	70	0	0	0	1	0	0	
106_4	71	0	1	25005	0	0	0	
106_4	72	0	1	25006	0	0	0	
106_4	77	0	0	0	1	0	0	
106_4	78	0	1	24001	0	0	0	
106_4	79	0	0	0	0	0	0	
106_4	80	0	0	0	1	0	0	
106_4	81	0	3	50013	0	7	5	
106_4	82	0	3	50013	0	7	5	
106_4	83	0	3	50013	0	7	5	
106_4	84	0	1	24001	0	0	0	
106_4	85	0	1	24001	0	0	0	
106_4	86	0	0	0	0	0	0	
106_4	87	0	0	0	0	0	0	
106_4	88	0	0	0	0	0	0	
106_4	89	0	0	0	0	0	0	
106_4	90	0	0	0	1	0	0	
106_4	91	0	0	0	0	0	0	
106_4	92	0	0	0	0	0	0	
106_4	93	0	3	50013	0	7	5	
106_4	94	0	3	50013	0	7	5	
106_4	95	0	0	0	0	0	0	
106_4	96	0	0	0	0	0	0	
106_4	97	0	0	0	0	0	0	
106_4	98	0	0	0	0	0	0	
106_4	99	0	0	0	0	0	0	
106_4	102	0	0	0	1	0	0	
106_4	103	0	0	0	1	0	0	
106_4	104	0	0	0	1	0	0	
106_4	105	0	0	0	1	0	0	
106_4	106	0	0	0	1	0	0	
106_4	107	0	0	0	1	0	0	
106_4	108	0	0	0	1	0	0	
107_4	0	1	0	0	0	0	0	
107_4	1	1	0	0	0	0	0	
107_4	2	0	0	0	1	0	0	
107_4	8	0	0	0	0	0	0	
107_4	9	1	0	0	0	0	0	
107_4	10	1	0	0	0	0	0	
107_4	12	1	0	0	0	0	0	
107_4	13	0	0	0	0	0	0	
107_4	14	0	0	0	0	0	0	
107_4	18	0	0	0	0	0	0	
107_4	19	0	0	0	0	0	0	
107_4	20	1	0	0	0	0	0	
107_4	24	0	3	50013	0	7	6	
107_4	25	0	3	50013	0	7	6	
107_4	26	0	0	0	0	0	0	
107_4	28	0	3	50013	0	7	6	
107_4	29	0	3	50013	0	7	6	
107_4	30	0	0	0	1	0	0	
107_4	36	0	1	24001	0	0	0	
107_4	37	0	1	24001	0	0	0	
107_4	38	0	1	24001	0	0	0	
107_4	39	0	0	0	0	0	0	
107_4	40	0	0	0	0	0	0	
107_4	44	0	0	0	1	0	0	
107_4	48	0	3	50013	0	7	6	
107_4	49	0	3	50013	0	7	6	
107_4	50	0	3	50013	0	7	6	
107_4	53	0	0	0	1	0	0	
107_4	54	0	0	0	1	0	0	
107_4	55	0	0	0	1	0	0	
107_4	56	0	0	0	1	0	0	
107_4	58	0	3	50013	0	7	6	
107_4	59	0	1	25005	0	0	0	
107_4	60	0	1	25006	0	0	0	
107_4	61	0	1	24001	0	0	0	
107_4	62	0	0	0	0	0	0	
107_4	64	0	0	0	1	0	0	
107_4	69	0	0	0	0	0	0	
107_4	70	0	0	0	0	0	0	
107_4	71	0	3	50013	0	7	6	
107_4	72	0	3	50013	0	7	6	
107_4	73	0	0	0	0	0	0	
107_4	79	0	0	0	1	0	0	
107_4	80	0	0	0	0	0	0	
107_4	81	0	0	0	1	0	0	
107_4	82	0	1	24001	0	0	0	
107_4	83	0	0	0	1	0	0	
107_4	84	0	0	0	0	0	0	
107_4	85	0	0	0	1	0	0	
107_4	89	0	0	0	1	0	0	
107_4	90	0	0	0	0	0	0	
107_4	91	0	0	0	0	0	0	
107_4	92	0	0	0	0	0	0	
107_4	93	0	2	63005	0	0	0	
107_4	94	0	0	0	0	0	0	
107_4	95	0	0	0	0	0	0	
107_4	96	0	0	0	0	0	0	
107_4	97	0	0	0	1	0	0	
107_4	99	0	0	0	1	0	0	
107_4	100	0	0	0	0	0	0	
107_4	101	0	0	0	0	0	0	
107_4	102	0	0	0	0	0	0	
107_4	103	0	0	0	0	0	0	
107_4	104	0	0	0	1	0	0	
107_4	105	0	0	0	0	0	0	
107_4	106	0	0	0	0	0	0	
107_4	107	0	0	0	0	0	0	
107_4	108	0	0	0	0	0	0	
107_4	109	0	0	0	1	0	0	
108_4	0	0	0	0	1	0	0	
108_4	1	1	0	0	0	0	0	
108_4	2	1	0	0	0	0	0	
108_4	3	0	0	0	0	0	0	
108_4	4	0	0	0	0	0	0	
108_4	5	0	0	0	0	0	0	
108_4	6	0	0	0	0	0	0	
108_4	7	0	0	0	0	0	0	
108_4	8	0	3	50013	0	7	6	
108_4	9	0	3	50013	0	7	6	
108_4	10	0	0	0	1	0	0	
108_4	11	1	0	0	0	0	0	
108_4	12	0	0	0	0	0	0	
108_4	13	0	0	0	0	0	0	
108_4	14	0	0	0	0	0	0	
108_4	15	0	0	0	0	0	0	
108_4	16	0	0	0	0	0	0	
108_4	17	0	0	0	0	0	0	
108_4	18	0	0	0	0	0	0	
108_4	19	0	3	50013	0	7	6	
108_4	20	0	3	50013	0	7	6	
108_4	21	0	0	0	0	0	0	
108_4	22	0	0	0	1	0	0	
108_4	23	1	0	0	0	0	0	
108_4	24	0	0	0	0	0	0	
108_4	25	0	0	0	1	0	0	
108_4	31	0	0	0	0	0	0	
108_4	32	0	0	0	0	0	0	
108_4	35	0	0	0	0	0	0	
108_4	36	0	0	0	0	0	0	
108_4	37	0	0	0	1	0	0	
108_4	42	0	0	0	0	0	0	
108_4	43	0	0	0	0	0	0	
108_4	46	0	0	0	0	0	0	
108_4	47	0	0	0	0	0	0	
108_4	48	0	0	0	0	0	0	
108_4	49	0	0	0	1	0	0	
108_4	53	0	0	0	1	0	0	
108_4	54	0	0	0	0	0	0	
108_4	58	0	3	50013	0	7	6	
108_4	59	0	3	50013	0	7	6	
108_4	60	0	3	50013	0	7	6	
108_4	61	0	0	0	1	0	0	
108_4	64	0	0	0	0	0	0	
108_4	65	0	0	0	0	0	0	
108_4	66	0	0	0	1	0	0	
108_4	67	0	0	0	1	0	0	
108_4	70	0	3	50013	0	7	6	
108_4	71	0	3	50013	0	7	6	
108_4	72	0	3	50013	0	7	6	
108_4	73	0	0	0	1	0	0	
108_4	75	0	1	24001	0	0	0	
108_4	76	0	1	24001	0	0	0	
108_4	77	0	0	0	1	0	0	
108_4	79	0	0	0	1	0	0	
108_4	82	0	1	24001	0	0	0	
108_4	83	0	1	24001	0	0	0	
108_4	84	0	1	25005	0	0	0	
108_4	85	0	0	0	0	0	0	
108_4	86	0	0	0	0	0	0	
108_4	87	0	0	0	0	0	0	
108_4	88	0	0	0	1	0	0	
108_4	89	0	0	0	1	0	0	
108_4	91	0	0	0	1	0	0	
108_4	94	0	1	24001	0	0	0	
108_4	95	0	1	25006	0	0	0	
108_4	96	0	0	0	0	0	0	
108_4	97	0	2	63005	0	0	0	
108_4	98	0	0	0	0	0	0	
108_4	99	0	0	0	1	0	0	
108_4	100	0	0	0	1	0	0	
108_4	101	0	0	0	1	0	0	
108_4	102	0	0	0	1	0	0	
108_4	107	0	0	0	1	0	0	
108_4	108	0	0	0	0	0	0	
108_4	109	0	0	0	0	0	0	
109_4	0	0	0	0	1	0	0	
109_4	1	0	0	0	0	0	0	
109_4	2	0	0	0	0	0	0	
109_4	3	0	0	0	0	0	0	
109_4	4	0	0	0	0	0	0	
109_4	5	0	0	0	0	0	0	
109_4	6	0	0	0	0	0	0	
109_4	7	0	0	0	0	0	0	
109_4	8	0	0	0	0	0	0	
109_4	9	0	0	0	0	0	0	
109_4	10	0	0	0	1	0	0	
109_4	11	0	0	0	0	0	0	
109_4	12	0	0	0	0	0	0	
109_4	13	0	0	0	0	0	0	
109_4	14	0	0	0	0	0	0	
109_4	15	0	1	24001	0	0	0	
109_4	16	0	1	24001	0	0	0	
109_4	17	0	1	24001	0	0	0	
109_4	18	0	0	0	0	0	0	
109_4	19	0	0	0	0	0	0	
109_4	20	0	0	0	0	0	0	
109_4	21	0	0	0	1	0	0	
109_4	22	0	3	50013	0	7	6	
109_4	23	0	3	50013	0	7	6	
109_4	24	0	0	0	1	0	0	
109_4	25	0	0	0	1	0	0	
109_4	30	0	0	0	0	0	0	
109_4	31	0	0	0	0	0	0	
109_4	32	0	0	0	0	0	0	
109_4	33	0	3	50013	0	7	6	
109_4	34	0	3	50013	0	7	6	
109_4	35	0	3	50013	0	7	6	
109_4	38	0	0	0	1	0	0	
109_4	39	0	0	0	1	0	0	
109_4	42	0	0	0	0	0	0	
109_4	43	0	0	0	0	0	0	
109_4	44	0	0	0	1	0	0	
109_4	45	0	0	0	0	0	0	
109_4	46	0	0	0	0	0	0	
109_4	48	0	0	0	1	0	0	
109_4	49	0	0	0	1	0	0	
109_4	50	0	0	0	1	0	0	
109_4	53	0	0	0	0	0	0	
109_4	54	0	0	0	0	0	0	
109_4	55	0	0	0	1	0	0	
109_4	56	0	0	0	0	0	0	
109_4	57	0	0	0	0	0	0	
109_4	60	0	0	0	1	0	0	
109_4	61	0	0	0	1	0	0	
109_4	64	0	3	50013	0	7	6	
109_4	65	0	3	50013	0	7	6	
109_4	66	0	0	0	1	0	0	
109_4	67	0	0	0	0	0	0	
109_4	68	0	0	0	0	0	0	
109_4	74	0	3	50013	0	7	6	
109_4	75	0	3	50013	0	7	6	
109_4	76	0	3	50013	0	7	6	
109_4	78	1	0	0	0	0	0	
109_4	79	0	0	0	0	0	0	
109_4	80	1	0	0	0	0	0	
109_4	82	0	0	0	0	0	0	
109_4	83	0	0	0	0	0	0	
109_4	84	0	1	24001	0	0	0	
109_4	85	0	1	25005	0	0	0	
109_4	86	0	1	25006	0	0	0	
109_4	87	0	0	0	1	0	0	
109_4	89	1	0	0	0	0	0	
109_4	90	0	0	0	0	0	0	
109_4	91	1	0	0	0	0	0	
109_4	93	0	0	0	0	0	0	
109_4	94	0	2	63005	0	0	0	
109_4	95	0	0	0	0	0	0	
109_4	96	0	1	24001	0	0	0	
109_4	97	0	0	0	0	0	0	
109_4	100	0	0	0	1	0	0	
109_4	101	1	0	0	0	0	0	
109_4	102	0	0	0	1	0	0	
109_4	104	0	0	0	0	0	0	
109_4	105	0	0	0	0	0	0	
109_4	106	0	0	0	0	0	0	
109_4	107	0	0	0	0	0	0	
109_4	108	0	0	0	1	0	0	
110_4	1	0	0	0	1	0	0	
110_4	2	0	0	0	1	0	0	
110_4	3	0	0	0	0	0	0	
110_4	4	0	0	0	0	0	0	
110_4	5	0	0	0	0	0	0	
110_4	6	0	0	0	0	0	0	
110_4	7	0	0	0	0	0	0	
110_4	8	0	0	0	1	0	0	
110_4	9	0	0	0	1	0	0	
110_4	11	0	0	0	1	0	0	
110_4	12	0	0	0	0	0	0	
110_4	13	0	0	0	0	0	0	
110_4	14	0	0	0	0	0	0	
110_4	15	0	0	0	0	0	0	
110_4	16	0	0	0	1	0	0	
110_4	17	0	0	0	0	0	0	
110_4	18	0	0	0	0	0	0	
110_4	19	0	0	0	0	0	0	
110_4	20	0	0	0	0	0	0	
110_4	21	0	0	0	1	0	0	
110_4	22	0	0	0	0	0	0	
110_4	23	0	0	0	0	0	0	
110_4	24	0	3	50013	0	7	6	
110_4	25	0	0	0	1	0	0	
110_4	29	0	0	0	1	0	0	
110_4	30	0	0	0	0	0	0	
110_4	31	0	0	0	0	0	0	
110_4	32	0	0	0	0	0	0	
110_4	33	0	0	0	0	0	0	
110_4	34	0	3	50013	0	7	6	
110_4	35	0	3	50013	0	7	6	
110_4	36	0	3	50013	0	7	6	
110_4	37	0	0	0	0	0	0	
110_4	38	0	0	0	0	0	0	
110_4	39	0	3	50013	0	0	0	
110_4	40	0	1	25005	0	7	6	
110_4	41	0	3	50013	0	7	6	
110_4	42	0	3	50013	0	7	6	
110_4	43	0	0	0	0	0	0	
110_4	44	0	0	0	0	0	0	
110_4	45	0	0	0	0	0	0	
110_4	47	0	3	50013	0	7	6	
110_4	48	0	0	0	0	0	0	
110_4	49	0	2	63005	0	0	0	
110_4	50	0	1	24001	0	0	0	
110_4	51	0	1	25006	0	7	6	
110_4	53	0	3	50013	0	7	6	
110_4	54	0	3	50013	0	0	0	
110_4	55	0	1	24001	0	0	0	
110_4	56	0	1	24001	0	0	0	
110_4	59	0	0	0	0	0	0	
110_4	60	0	0	0	0	0	0	
110_4	61	0	0	0	0	0	0	
110_4	64	0	1	24001	0	0	0	
110_4	65	0	1	24001	0	0	0	
110_4	66	0	0	0	0	0	0	
110_4	67	0	0	0	0	0	0	
110_4	68	0	0	0	1	0	0	
110_4	69	0	0	0	1	0	0	
110_4	73	0	0	0	1	0	0	
110_4	74	0	0	0	1	0	0	
110_4	75	0	0	0	0	0	0	
110_4	76	0	0	0	0	0	0	
110_4	77	0	0	0	0	0	0	
110_4	78	0	0	0	0	0	0	
110_4	79	0	0	0	0	0	0	
110_4	80	0	0	0	0	0	0	
110_4	81	0	0	0	1	0	0	
110_4	82	0	0	0	1	0	0	
110_4	83	0	0	0	1	0	0	
110_4	84	0	0	0	0	0	0	
110_4	85	0	0	0	0	0	0	
110_4	86	0	0	0	0	0	0	
110_4	87	0	0	0	0	0	0	
110_4	88	0	0	0	0	0	0	
110_4	89	0	0	0	0	0	0	
110_4	90	0	0	0	0	0	0	
110_4	91	0	0	0	0	0	0	
110_4	92	0	0	0	0	0	0	
110_4	93	0	0	0	0	0	0	
110_4	94	0	0	0	0	0	0	
110_4	95	0	0	0	0	0	0	
110_4	96	0	0	0	0	0	0	
110_4	97	0	0	0	0	0	0	
110_4	98	0	0	0	0	0	0	
110_4	100	0	0	0	1	0	0	
110_4	101	0	0	0	0	0	0	
110_4	102	0	0	0	0	0	0	
110_4	103	1	0	0	0	0	0	
110_4	104	1	0	0	0	0	0	
110_4	105	1	0	0	0	0	0	
110_4	106	0	0	0	0	0	0	
110_4	107	0	0	0	0	0	0	
110_4	108	0	0	0	1	0	0	
111_4	0	0	0	0	0	0	0	
111_4	1	0	0	0	0	0	0	
111_4	2	0	0	0	0	0	0	
111_4	3	0	0	0	0	0	0	
111_4	4	0	0	0	1	0	0	
111_4	5	0	0	0	1	0	0	
111_4	6	0	0	0	1	0	0	
111_4	7	0	0	0	0	0	0	
111_4	8	0	0	0	0	0	0	
111_4	9	0	0	0	0	0	0	
111_4	10	0	0	0	1	0	0	
111_4	12	0	0	0	0	0	0	
111_4	13	0	0	0	0	0	0	
111_4	14	0	0	0	0	0	0	
111_4	15	0	0	0	0	0	0	
111_4	16	0	2	63005	0	0	0	
111_4	17	0	0	0	0	0	0	
111_4	18	0	0	0	0	0	0	
111_4	19	0	0	0	0	0	0	
111_4	20	0	0	0	0	0	0	
111_4	25	0	0	0	0	0	0	
111_4	26	0	1	24001	0	0	0	
111_4	27	0	1	25006	0	0	0	
111_4	28	0	1	25006	0	0	0	
111_4	29	0	0	0	0	0	0	
111_4	33	0	0	0	1	0	0	
111_4	34	0	0	0	1	0	0	
111_4	37	0	3	50013	0	7	6	
111_4	38	0	3	50013	0	7	6	
111_4	39	0	3	50013	0	7	6	
111_4	42	0	0	0	1	0	0	
111_4	43	0	0	0	1	0	0	
111_4	45	0	0	0	1	0	0	
111_4	46	0	0	0	1	0	0	
111_4	49	0	3	50013	0	7	6	
111_4	52	0	0	0	1	0	0	
111_4	53	0	0	0	1	0	0	
111_4	57	0	0	0	1	0	0	
111_4	58	0	0	0	1	0	0	
111_4	60	0	3	50013	0	7	6	
111_4	62	0	0	0	1	0	0	
111_4	63	0	0	0	1	0	0	
111_4	66	0	0	0	1	0	0	
111_4	71	0	3	50013	0	7	6	
111_4	76	0	0	0	1	0	0	
111_4	77	1	0	0	0	0	0	
111_4	78	1	0	0	0	0	0	
111_4	81	0	1	24001	0	0	0	
111_4	82	0	0	0	0	0	0	
111_4	83	0	1	24001	0	0	0	
111_4	86	0	0	0	1	0	0	
111_4	87	1	0	0	0	0	0	
111_4	88	0	0	0	1	0	0	
111_4	89	0	0	0	0	0	0	
111_4	90	0	0	0	0	0	0	
111_4	91	0	3	50013	0	7	6	
111_4	92	0	1	24001	0	0	0	
111_4	93	0	1	24001	0	0	0	
111_4	94	0	0	0	0	0	0	
111_4	95	0	3	50013	0	7	6	
111_4	96	0	0	0	0	0	0	
111_4	97	0	0	0	0	0	0	
111_4	98	1	0	0	0	0	0	
111_4	99	0	0	0	1	0	0	
111_4	100	1	0	0	0	0	0	
111_4	101	0	3	50013	0	7	6	
111_4	102	0	0	0	0	0	0	
111_4	103	0	0	0	0	0	0	
111_4	104	0	0	0	1	0	0	
111_4	105	0	0	0	0	0	0	
111_4	106	0	3	50013	0	7	6	
111_4	107	0	0	0	0	0	0	
111_4	108	1	0	0	0	0	0	
111_4	109	1	0	0	0	0	0	
112_4	4	0	0	0	1	0	0	
112_4	5	0	0	0	0	0	0	
112_4	6	0	0	0	1	0	0	
112_4	13	0	0	0	0	0	0	
112_4	14	0	0	0	0	0	0	
112_4	15	0	0	0	0	0	0	
112_4	16	0	2	63005	0	0	0	
112_4	17	0	1	24001	0	0	0	
112_4	18	0	0	0	0	0	0	
112_4	19	0	0	0	0	0	0	
112_4	23	0	0	0	1	0	0	
112_4	24	0	1	24001	0	0	0	
112_4	25	0	1	24001	0	0	0	
112_4	26	0	0	0	0	0	0	
112_4	27	0	1	25006	0	0	0	
112_4	28	0	1	25006	0	0	0	
112_4	29	0	1	24001	0	0	0	
112_4	30	0	1	24001	0	0	0	
112_4	31	0	0	0	1	0	0	
112_4	33	0	0	0	1	0	0	
112_4	34	0	3	50013	0	7	6	
112_4	35	0	0	0	0	0	0	
112_4	41	0	0	0	0	0	0	
112_4	42	0	0	0	0	0	0	
112_4	43	0	0	0	1	0	0	
112_4	44	0	3	50013	0	7	6	
112_4	45	0	3	50013	0	7	6	
112_4	47	0	0	0	1	0	0	
112_4	48	0	0	0	1	0	0	
112_4	50	0	0	0	1	0	0	
112_4	51	0	0	0	1	0	0	
112_4	53	0	3	50013	0	7	6	
112_4	54	0	3	50013	0	7	6	
112_4	55	0	3	50013	0	7	6	
112_4	56	0	3	50013	0	7	6	
112_4	58	0	0	0	1	0	0	
112_4	62	0	0	0	1	0	0	
112_4	64	0	3	50013	0	7	6	
112_4	65	0	3	50013	0	7	6	
112_4	66	0	0	0	0	0	0	
112_4	67	0	0	0	0	0	0	
112_4	68	0	0	0	0	0	0	
112_4	71	0	0	0	1	0	0	
112_4	74	0	0	0	0	0	0	
112_4	75	0	3	50013	0	7	6	
112_4	78	0	0	0	0	0	0	
112_4	79	0	0	0	0	0	0	
112_4	80	0	0	0	0	0	0	
112_4	81	0	0	0	1	0	0	
112_4	82	0	0	0	0	0	0	
112_4	83	0	0	0	1	0	0	
112_4	84	0	0	0	0	0	0	
112_4	85	0	0	0	0	0	0	
112_4	90	0	0	0	0	0	0	
112_4	91	0	0	0	0	0	0	
112_4	92	0	0	0	0	0	0	
112_4	93	0	0	0	0	0	0	
112_4	94	0	0	0	0	0	0	
112_4	95	0	0	0	0	0	0	
112_4	96	0	0	0	0	0	0	
112_4	103	1	0	0	0	0	0	
112_4	104	1	0	0	0	0	0	
112_4	105	1	0	0	0	0	0	
